(15.12804578947002, 24.94959053178684)
(15.122684782533064, 24.908702852013935)
(15.118764046116487, 24.827727642757246)
(15.116523625307012, 24.71518650459564)
(15.116203565191372, 24.579601038108024)
(15.118043910856297, 24.429492843873284)
(15.118043910856297, 24.429492843873284)
(15.120444361723589, 24.25816066322022)
(15.12164458715724, 24.061023635743755)
(15.12164458715724, 23.854284804798116)
(15.120444361723589, 23.65414721373753)
(15.118043910856297, 23.47681390591624)
(15.118043910856297, 23.47681390591624)
(15.118003903341844, 23.299740646938897)
(15.120724414324776, 23.100223172352372)
(15.125965398718366, 22.894224480424143)
(15.133486811435883, 22.697707569421727)
(15.143048607390604, 22.52663543761263)
(15.143048607390604, 22.52663543761263)
(15.151970283114043, 22.325657688748493)
(15.160411868664024, 22.04582512889377)
(15.167893273867088, 21.71270255978514)
(15.17393440854978, 21.35185478315927)
(15.178055182538632, 20.988846600752833)
(15.178055182538632, 20.988846600752833)
(15.187196899591575, 19.753494569414773)
(15.19897911259854, 18.66565024387189)
(15.212441641212608, 17.777403407944448)
(15.226624305086869, 17.140843845452707)
(15.240566923874395, 16.808061340216945)
(15.240566923874395, 16.808061340216945)
(15.246868107401042, 16.705262031825107)
(15.250768840060392, 16.586379702622402)
(15.252269121852452, 16.461136178621373)
(15.251368952777215, 16.33925328583456)
(15.248068332834686, 16.230452850274485)
(15.248068332834686, 16.230452850274485)
(15.245067769250568, 16.170941672522837)
(15.242067205666455, 16.11143049477119)
(15.239066642082335, 16.051919317019543)
(15.236066078498222, 15.992408139267894)
(15.233065514914104, 15.932896961516247)
(15.233065514914104, 15.932896961516247)
(14.995020803907513, 15.93489733723899)
(14.756976092900926, 15.936897712961738)
(14.518931381894335, 15.93889808868448)
(14.28088667088775, 15.940898464407228)
(14.042841959881159, 15.94289884012997)
(14.042841959881159, 15.94289884012997)
(13.657829644524533, 15.946999610361596)
(13.30438325807282, 15.952900718743692)
(13.005667151395393, 15.960002052559435)
(12.784845675361632, 15.967703499092002)
(12.665083180840922, 15.975404945624568)
(12.665083180840922, 15.975404945624568)
(12.386050771275297, 15.990267737244558)
(11.847889690585358, 16.001289807476883)
(11.14793822143985, 16.007630998517982)
(10.383534646507515, 16.008451152564305)
(9.6520172484571, 16.002910111812305)
(9.6520172484571, 16.002910111812305)
(9.410211831091752, 16.001409830020243)
(9.20405310910571, 16.002910111812305)
(9.033781127585703, 16.007410957188476)
(8.899635931618459, 16.01491236614877)
(8.80185756629071, 16.025414338693178)
(8.80185756629071, 16.025414338693178)
(8.710000313102285, 16.03653642771164)
(8.604700535057018, 16.042977637538876)
(8.480317172616768, 16.044857990718256)
(8.331209166243397, 16.042297509793144)
(8.151735456398766, 16.035416217306903)
(8.151735456398766, 16.035416217306903)
(7.865001600300576, 16.023413962970437)
(7.646800616463614, 16.017412835802197)
(7.474448244191953, 16.017412835802197)
(7.32526022278967, 16.023413962970437)
(7.176552291560848, 16.035416217306903)
(7.176552291560848, 16.035416217306903)
(7.10021795398092, 16.042337517307597)
(7.027964382875389, 16.045178050833897)
(6.960871781134545, 16.044057840429158)
(6.900020351648656, 16.03909690863675)
(6.846490297308016, 16.030415278000042)
(6.846490297308016, 16.030415278000042)
(6.755493205680371, 16.018333008634663)
(6.6520137695428, 16.02737470690147)
(6.515768179066678, 16.062461297078407)
(6.326472624423367, 16.128513703443428)
(6.063843295784251, 16.230452850274485)
(6.063843295784251, 16.230452850274485)
(5.919736228717742, 16.289423926580994)
(5.815356623504935, 16.33795304161477)
(5.734021346618146, 16.386002066475093)
(5.659047264529683, 16.443532872261223)
(5.573751243711862, 16.520507330072427)
(5.573751243711862, 16.520507330072427)
(5.428283921153884, 16.667855005809784)
(5.294578807845647, 16.824324394842858)
(5.176596647718179, 16.984634505263596)
(5.078298184702517, 17.14350434516396)
(5.003644162729694, 17.295652922635902)
(5.003644162729694, 17.295652922635902)
(4.975078797408904, 17.363945749810398)
(4.950354153475783, 17.427917765423764)
(4.9309105014507075, 17.483248157914872)
(4.918188111854051, 17.525616115722606)
(4.913627255206195, 17.55070082728582)
(4.913627255206195, 17.55070082728582)
(4.91248704104423, 17.565843671506997)
(4.909306443645066, 17.580626448098077)
(4.904445530638799, 17.594088976712147)
(4.898264369655516, 17.60527107700229)
(4.891123028325319, 17.613212568621584)
(4.891123028325319, 17.613212568621584)
(4.854436137570188, 17.65968129666094)
(4.825070621960298, 17.752118658808953)
(4.8025463913221955, 17.892084948129387)
(4.786383355482421, 18.081140457685965)
(4.776101424267514, 18.32084548054243)
(4.776101424267514, 18.32084548054243)
(4.771800616463613, 18.529484668424676)
(4.771700597677476, 18.66250965398718)
(4.777001593342748, 18.736723593301)
(4.788903828893078, 18.768929642437186)
(4.808607529762112, 18.77593095746679)
(4.808607529762112, 18.77593095746679)
(4.826570903752357, 18.77767128434558)
(4.835292541903521, 18.780851881744745)
(4.83453239912888, 18.78691302018466)
(4.8240504303417, 18.797294970185703)
(4.80360659045525, 18.81343800226825)
(4.80360659045525, 18.81343800226825)
(4.7753612852500975, 18.827880714986463)
(4.7330733424712825, 18.838362683773646)
(4.672902040731128, 18.845123953716524)
(4.5910066586419696, 18.848404569901824)
(4.483546474816139, 18.848444577416277)
(4.483546474816139, 18.848444577416277)
(4.396730168449029, 18.848084509786183)
(4.319515665551093, 18.84976482539329)
(4.256703867856919, 18.853125456607497)
(4.213095677101091, 18.857806335798724)
(4.193491995018194, 18.863447395336863)
(4.193491995018194, 18.863447395336863)
(4.1731681776751115, 18.969627338700136)
(4.160525803107365, 19.212993049129224)
(4.156044961488419, 19.548296027775653)
(4.160205742991727, 19.930287775790926)
(4.17348823779075, 20.313719794326584)
(4.17348823779075, 20.313719794326584)
(4.233479505715856, 20.89222845334428)
(4.3551623609304, 21.36811783778518)
(4.545618133492898, 21.755790652853054)
(4.811928153461868, 22.069649603751657)
(5.16117375089582, 22.324097395684753)
(5.16117375089582, 22.324097395684753)
(5.215203899167148, 22.357943752913588)
(5.266953619114546, 22.392030155229154)
(5.31294225698044, 22.424196196850883)
(5.349689159007256, 22.452281471998212)
(5.373713671437417, 22.474125574890586)
(5.373713671437417, 22.474125574890586)
(5.439426013929571, 22.52207458096477)
(5.545946021165712, 22.575664646577096)
(5.6698692971897335, 22.625534013345113)
(5.787791446045518, 22.662320922886384)
(5.876308071776959, 22.676663616818463)
(5.876308071776959, 22.676663616818463)
(5.9140551616651456, 22.678663992541207)
(5.961644100109239, 22.684265044564892)
(6.015114143178198, 22.69286666017269)
(6.070504546940992, 22.70386872664778)
(6.1238545674665845, 22.71667113127335)
(6.1238545674665845, 22.71667113127335)
(6.2208327825052345, 22.73527462549487)
(6.324772305059039, 22.743076090813574)
(6.434232864607614, 22.740075527229465)
(6.547774190630587, 22.726272934742525)
(6.663956012607585, 22.70166831335277)
(6.663956012607585, 22.70166831335277)
(6.700382854518759, 22.6933867578606)
(6.749532086026592, 22.68402499947816)
(6.806722827939854, 22.674303173465624)
(6.86727420106733, 22.664941415083174)
(6.926505326217793, 22.656659859591016)
(6.926505326217793, 22.656659859591016)
(7.099577833749644, 22.623153566235047)
(7.278291400819632, 22.570443665940733)
(7.4514839308948435, 22.50273094772583)
(7.607993327442371, 22.424216200608114)
(7.736657493929294, 22.339100213605334)
(7.736657493929294, 22.339100213605334)
(7.889946285563201, 22.21583706156982)
(8.04179480667673, 22.08693284999617)
(8.175759968828928, 21.96715035171823)
(8.275398683578828, 21.871252339569867)
(8.324267862485474, 21.81400158638492)
(8.324267862485474, 21.81400158638492)
(8.335469966532841, 21.794517926845387)
(8.350272746881151, 21.770353388114636)
(8.367475978096756, 21.743428330886495)
(8.385879434746002, 21.715663115854802)
(8.404282891395251, 21.68897810371339)
(8.404282891395251, 21.68897810371339)
(8.466794632731016, 21.589759467865264)
(8.521504908748074, 21.48273936669844)
(8.567213494012787, 21.3703182510802)
(8.602720163091503, 21.254896571877843)
(8.626824690550572, 21.138874779958666)
(8.626824690550572, 21.138874779958666)
(8.633625968007902, 21.103388114637184)
(8.641627470898882, 21.065020908274942)
(8.650229086506684, 21.026893746999434)
(8.658830702114482, 20.992127216938137)
(8.666832205005461, 20.96384190421853)
(8.666832205005461, 20.96384190421853)
(8.686495898360038, 20.88188651085769)
(8.701118644893299, 20.778087014604477)
(8.711660624952163, 20.636000327017943)
(8.719082018883547, 20.439183359657115)
(8.724343007034363, 20.17119302408104)
(8.724343007034363, 20.17119302408104)
(8.728143720907578, 20.015123710192523)
(8.73314466021444, 19.87681773272197)
(8.738745712238124, 19.76503673733501)
(8.744346764261808, 19.688542369697263)
(8.74934770356867, 19.656096275474347)
(8.74934770356867, 19.656096275474347)
(8.75262831975397, 19.629071199460068)
(8.753388462528612, 19.5677196760435)
(8.751508109349231, 19.47912303528315)
(8.746867237672465, 19.370362607237528)
(8.739345824954947, 19.248519721965167)
(8.739345824954947, 19.248519721965167)
(8.731364325821199, 19.095871050562536)
(8.72290273651399, 18.904095030023026)
(8.714681192293508, 18.689874793874328)
(8.707419828419946, 18.46989347564412)
(8.701838780153489, 18.260834208860096)
(8.701838780153489, 18.260834208860096)
(8.696257731887032, 17.994244136289943)
(8.6949974951817, 17.818031038873386)
(8.698778205297689, 17.71335137730217)
(8.708319997495181, 17.66136161226804)
(8.724343007034363, 17.643218204462748)
(8.724343007034363, 17.643218204462748)
(8.765470731893991, 17.64749900850942)
(8.795316337677336, 17.71347139984553)
(8.81760052322871, 17.866820202751125)
(8.836043987392415, 18.13323024150623)
(8.854367429012752, 18.53838634039089)
(8.854367429012752, 18.53838634039089)
(8.87585146427503, 19.262842412140014)
(8.878011870055591, 19.911204191395946)
(8.861928849244725, 20.455386403011342)
(8.828682604732712, 20.86730377183888)
(8.779353339409836, 21.118871022731224)
(8.779353339409836, 21.118871022731224)
(8.767171051258323, 21.157298240365144)
(8.755108785650172, 21.20124649499384)
(8.743886677845579, 21.247235132859732)
(8.73422486310472, 21.291783500205252)
(8.726843476687794, 21.33141094327282)
(8.726843476687794, 21.33141094327282)
(8.684475518880067, 21.468736736639226)
(8.599739603264611, 21.637868503997268)
(8.486678367415095, 21.816602074824488)
(8.359334448905184, 21.98273327859841)
(8.231750485308543, 22.114057944796585)
(8.231750485308543, 22.114057944796585)
(8.029612518525218, 22.284910035276187)
(7.833475678910123, 22.43847887951128)
(7.6601431225343175, 22.562882245708757)
(7.5264180054688525, 22.646237902075516)
(7.449103483784779, 22.676663616818463)
(7.449103483784779, 22.676663616818463)
(7.429599820488023, 22.679784202945942)
(7.394493226553855, 22.688425826068194)
(7.347384378283223, 22.70150828329494)
(7.291873951977069, 22.717951371735904)
(7.231562623936321, 22.736674888500797)
(7.231562623936321, 22.736674888500797)
(7.165090138669521, 22.75625856682646)
(7.089856007737104, 22.775122109891946)
(7.012101403394028, 22.791945269720223)
(6.938067497895256, 22.80540779833429)
(6.873995463495752, 22.814189447757144)
(6.873995463495752, 22.814189447757144)
(6.809023260021011, 22.821590837931296)
(6.732288847296534, 22.83139267897274)
(6.650033397577285, 22.842994858164666)
(6.568498083118221, 22.855797262790226)
(6.493924076174307, 22.869199780132615)
(6.493924076174307, 22.869199780132615)
(6.397585981366934, 22.884802710770018)
(6.322131809105015, 22.892604176088728)
(6.25483916979189, 22.892604176088728)
(6.182985673830908, 22.884802710770018)
(6.093848931625418, 22.869199780132615)
(6.093848931625418, 22.869199780132615)
(6.027796525260398, 22.855557217703492)
(5.95910362294135, 22.842274722904474)
(5.892931194032963, 22.830312476082465)
(5.834440207899917, 22.820630657584374)
(5.7887916339068894, 22.814189447757144)
(5.7887916339068894, 22.814189447757144)
(5.68953299054431, 22.791425172032312)
(5.581032611342652, 22.755698461624096)
(5.4726522546843555, 22.71085003792016)
(5.373753678951871, 22.66072062230819)
(5.293698642527639, 22.609150936175837)
(5.293698642527639, 22.609150936175837)
(5.255771518824405, 22.580845619699005)
(5.205122005524515, 22.54593906333711)
(5.146430981819194, 22.50743183067428)
(5.0843793268996595, 22.468324485294627)
(5.023647919957139, 22.431617590782267)
(5.023647919957139, 22.431617590782267)
(4.879260800289446, 22.3343393193852)
(4.730312823973894, 22.209695908100997)
(4.58904629043368, 22.069929656352844)
(4.467703499092002, 21.927282863563935)
(4.378526749372055, 21.793997829157473)
(4.378526749372055, 21.793997829157473)
(4.319655691851686, 21.676475755446237)
(4.259224341267576, 21.531348496761126)
(4.200473306290574, 21.368217856571317)
(4.146643195591519, 21.196685638345983)
(4.100974617841263, 21.02635364555429)
(4.100974617841263, 21.02635364555429)
(4.062367366392297, 20.73189833916631)
(4.030361354828385, 20.264010457616386)
(4.009157372167293, 19.728309839065425)
(4.002956207426786, 19.23041632167433)
(4.015958649624625, 18.875949743604014)
(4.015958649624625, 18.875949743604014)
(4.016878822457088, 18.854025625682734)
(4.016718792399268, 18.831381372501266)
(4.01559858199453, 18.80969729966672)
(4.013638213786241, 18.790653722786193)
(4.010957710317763, 18.77593095746679)
(4.010957710317763, 18.77593095746679)
(4.014538382861476, 18.759847936655923)
(4.039002977950641, 18.746885501972542)
(4.091432825643773, 18.735963450526356)
(4.178909255999386, 18.726001579427088)
(4.308513599076, 18.715919685784456)
(4.308513599076, 18.715919685784456)
(4.369525058619704, 18.711418840408285)
(4.430536518163412, 18.706917995032107)
(4.491547977707116, 18.702417149655933)
(4.552559437250823, 18.697916304279754)
(4.613570896794528, 18.693415458903583)
(4.613570896794528, 18.693415458903583)
(4.6145710846559, 18.67041113809202)
(4.615571272517273, 18.647406817280462)
(4.616571460378644, 18.6244024964689)
(4.617571648240018, 18.60139817565734)
(4.618571836101389, 18.57839385484578)
(4.618571836101389, 18.57839385484578)
(4.61951201269108, 18.529624694725264)
(4.619492008933852, 18.46249208546996)
(4.618751869916436, 18.38323719933483)
(4.617531640725561, 18.298101208574828)
(4.616071366447958, 18.213325285444917)
(4.616071366447958, 18.213325285444917)
(4.6138509493957125, 18.093662809710345)
(4.618111749685157, 18.00076536114609)
(4.631734308357048, 17.915189287727085)
(4.657599166452133, 17.817490937428246)
(4.698586865011167, 17.6882266582245)
(4.698586865011167, 17.6882266582245)
(4.805887018779179, 17.395891750102628)
(4.919068277172061, 17.144484529268105)
(5.0446118575315015, 16.922722876644656)
(5.188998977199194, 16.719324673156002)
(5.358710853516834, 16.52300779972586)
(5.358710853516834, 16.52300779972586)
(5.474012510175822, 16.408206236997557)
(5.59099448244192, 16.315128754618257)
(5.726339903842806, 16.233693458945332)
(5.8967319079061795, 16.153818456336147)
(6.118853628159723, 16.065421853148067)
(6.118853628159723, 16.065421853148067)
(6.3517573735588595, 15.980765952561523)
(6.534611718374931, 15.923475191862122)
(6.676778420990378, 15.891509187812666)
(6.787619239787647, 15.882827557175956)
(6.876495933149182, 15.89538991671479)
(6.876495933149182, 15.89538991671479)
(6.925365112055829, 15.906211949374836)
(6.978195034893511, 15.911752990126839)
(7.038346332876433, 15.91213306151416)
(7.109179637218817, 15.907472186080167)
(7.194055579134862, 15.89789038636822)
(7.194055579134862, 15.89789038636822)
(7.28259220862353, 15.889188751974283)
(7.389852354877089, 15.884087793881282)
(7.512355364137959, 15.882587512089223)
(7.646620582648566, 15.884687906598105)
(7.789167356651335, 15.890388977407929)
(7.789167356651335, 15.890388977407929)
(7.917611481808757, 15.896030036946067)
(8.041974840491775, 15.900710916137292)
(8.153375764491418, 15.9040715473515)
(8.242932585598684, 15.905751862958606)
(8.3017636356046, 15.905391795328512)
(8.3017636356046, 15.905391795328512)
(8.384019085323853, 15.902771303131715)
(8.536127655281337, 15.898230450241089)
(8.74212634720956, 15.892249326830083)
(8.986052162841021, 15.88530802307216)
(9.251942103908211, 15.877886629140775)
(9.251942103908211, 15.877886629140775)
(9.671780960597816, 15.868384844457742)
(9.994161512075312, 15.864284074226113)
(10.271653632334422, 15.86618443116272)
(10.556827195368868, 15.874686027984383)
(10.90225207517238, 15.890388977407929)
(10.90225207517238, 15.890388977407929)
(11.089427231549577, 15.898730544171771)
(11.24383623358822, 15.90251125428776)
(11.420929496322788, 15.901371040125795)
(11.676157434787752, 15.894949834055787)
(12.064970464017588, 15.882887568447638)
(12.064970464017588, 15.882887568447638)
(12.251385477620142, 15.874886065556657)
(12.41667652359052, 15.866284449948859)
(12.550521663199346, 15.857682834341057)
(12.642598957717274, 15.849681331450078)
(12.682586468414936, 15.842880053992747)
(12.682586468414936, 15.842880053992747)
(12.746118401369298, 15.836638881737787)
(12.906388504275586, 15.830157664396094)
(13.144913305455633, 15.823796469597767)
(13.44320933323128, 15.817915364972896)
(13.782793115924381, 15.812874418151582)
(13.782793115924381, 15.812874418151582)
(14.130838487924684, 15.808113523931448)
(14.45535944142552, 15.802992562081226)
(14.734631896077872, 15.797751577687631)
(14.946931771532736, 15.792630615837409)
(15.070534987441118, 15.787869721617275)
(15.070534987441118, 15.787869721617275)
(15.216462396415325, 15.782648740980914)
(15.304178871857669, 15.807913486359174)
(15.348687231688732, 15.893549571049864)
(15.3649902938291, 16.069442608350784)
(15.368090876199354, 16.365478211559733)
(15.368090876199354, 16.365478211559733)
(15.367530770996984, 17.01315986306993)
(15.361209583713112, 17.877242160266626)
(15.351167697584936, 18.766049101396437)
(15.339445495849652, 19.487904684705995)
(15.328083361744465, 19.85113290844193)
(15.328083361744465, 19.85113290844193)
(15.325082798160347, 19.888639953243388)
(15.322082234576232, 19.926146998044846)
(15.319081670992114, 19.963654042846304)
(15.316081107408, 20.001161087647766)
(15.313080543823881, 20.038668132449224)
(15.313080543823881, 20.038668132449224)
(15.335084676774068, 20.052670762508434)
(15.35708880972426, 20.066673392567647)
(15.379092942674447, 20.080676022626854)
(15.401097075624639, 20.094678652686067)
(15.423101208574826, 20.108681282745277)
(15.423101208574826, 20.108681282745277)
(15.479011710025535, 20.140607279280278)
(15.566128072751056, 20.188256228996053)
(15.67604871871586, 20.246947252701375)
(15.800372069884427, 20.311999471205024)
(15.93069654822123, 20.37873200531578)
(15.93069654822123, 20.37873200531578)
(16.0585205569046, 20.443504171218244)
(16.17314208581785, 20.50323539029939)
(16.267359782359115, 20.55408494117156)
(16.33397229392651, 20.592212102447068)
(16.365778267918145, 20.61377615273825)
(16.365778267918145, 20.61377615273825)
(16.41576765722953, 20.64266157817468)
(16.53284964828176, 20.703833067776205)
(16.703701738761367, 20.790569359114404)
(16.91500142635486, 20.896149189760855)
(17.15342620874877, 21.01385129728714)
(17.15342620874877, 21.01385129728714)
(17.58364701543942, 21.228691649909894)
(17.9498958065167, 21.417127042992423)
(18.251812514350522, 21.57915747653472)
(18.489037071310783, 21.714782950536794)
(18.661209409767398, 21.82400346499864)
(18.661209409767398, 21.82400346499864)
(18.710518671333045, 21.857129686967287)
(18.768229510934223, 21.894576720497064)
(18.829541026836342, 21.933464024547217)
(18.889652317304815, 21.970911058076993)
(18.94376248060505, 22.00403728004564)
(18.94376248060505, 22.00403728004564)
(19.039760511539555, 22.064608656930343)
(19.111634011257767, 22.11713852340961)
(19.159262957216306, 22.16138683439672)
(19.182527326871824, 22.197113544804935)
(19.181307097680953, 22.22407860954753)
(19.181307097680953, 22.22407860954753)
(19.170245019934175, 22.235240706080443)
(19.150421296521777, 22.24976343382757)
(19.12387631068096, 22.266206522268526)
(19.092650445648918, 22.283129700882945)
(19.058784084662857, 22.299092699150446)
(19.058784084662857, 22.299092699150446)
(19.01829648003451, 22.319136463892345)
(18.971327658064467, 22.344821288172387)
(18.92159831759704, 22.373986766209995)
(18.87282915747653, 22.404472492224624)
(18.828740876547243, 22.434118060435697)
(18.828740876547243, 22.434118060435697)
(18.726701710930048, 22.497910042234015)
(18.591536323344208, 22.574784481259083)
(18.441128072751056, 22.655019551498363)
(18.293360318111922, 22.72889342693932)
(18.166116418388146, 22.786684281569407)
(18.166116418388146, 22.786684281569407)
(18.122148160002222, 22.807308155270903)
(18.068218030517034, 22.834653291400812)
(18.00876686403707, 22.86643926163523)
(17.94823549466682, 22.900385637650196)
(17.891064756510787, 22.93421199112181)
(17.891064756510787, 22.93421199112181)
(17.824812312573492, 22.973119298929184)
(17.739116216611116, 23.02102829748891)
(17.641537888855645, 23.073738197783232)
(17.539638749539044, 23.12704821079437)
(17.440980218893287, 23.176757547504575)
(17.440980218893287, 23.176757547504575)
(17.342901797207126, 23.226286850399728)
(17.2426629697404, 23.276536288555064)
(17.14770513418172, 23.324025208213023)
(17.0654696882197, 23.36527295561601)
(17.003398029542936, 23.396798877006464)
(17.003398029542936, 23.396798877006464)
(16.644530624882584, 23.5755524515909)
(16.307867390744697, 23.74062345623178)
(16.009611370483498, 23.884330448153737)
(15.765965607453225, 23.998991984581448)
(15.593133145008103, 24.076926622739574)
(15.593133145008103, 24.076926622739574)
(15.500235696443852, 24.11887450164552)
(15.423061201060372, 24.157461749337262)
(15.36232979411785, 24.192328298184698)
(15.318761610876477, 24.22311408055774)
(15.293076786596437, 24.249459028826283)
(15.293076786596437, 24.249459028826283)
(15.276713713184387, 24.28332538981234)
(15.265991699310476, 24.329554072764967)
(15.25995056462779, 24.395106385199306)
(15.257630128789406, 24.4869436346305)
(15.258070211448409, 24.612027128573715)
(15.258070211448409, 24.612027128573715)
(15.258970380523646, 24.71010555025987)
(15.258670324165232, 24.799542348823774)
(15.257170042373172, 24.874696464727283)
(15.254469535147468, 24.92992683843226)
(15.250568802488118, 24.95959241040056)
(15.250568802488118, 24.95959241040056)
(15.233025507399649, 24.987597670518984)
(15.205640363755276, 25.0)
(15.17477456635333, 24.997399511560427)
(15.146789309992133, 24.9803963179171)
(15.12804578947002, 24.94959053178684)
(None, None)
(15.413099329961103, 24.016915351057243)
(None, None)
(15.443244992102864, 23.997911781691162)
(15.502436109738868, 23.96690595798863)
(15.5843114880708, 23.92689844353374)
(15.682509932300327, 23.880889801910616)
(15.790670247629118, 23.831880596703378)
(15.790670247629118, 23.831880596703378)
(15.903351412091313, 23.780911023287846)
(16.013992193316305, 23.729581382242227)
(16.11455108089867, 23.681732394954174)
(16.19698656443297, 23.641204782811375)
(16.25325713351377, 23.611839267201493)
(16.25325713351377, 23.611839267201493)
(16.296285215310007, 23.58751469841292)
(16.3394333196496, 23.563670219797807)
(16.379820905491812, 23.54198614696325)
(16.414567431795884, 23.524142795516376)
(16.44079235752106, 23.51182048106427)
(16.44079235752106, 23.51182048106427)
(16.656052789045592, 23.41378206689256)
(16.826424789351737, 23.334827237115842)
(16.95442883185015, 23.273635743757083)
(17.042585389951505, 23.22888733883929)
(17.093414937066438, 23.199261774385448)
(17.093414937066438, 23.199261774385448)
(17.119039750074794, 23.182718667158348)
(17.1519859382284, 23.16413517669405)
(17.189372960486487, 23.145071596056297)
(17.228320275808322, 23.127088218308828)
(17.265947343153144, 23.11174533651538)
(17.265947343153144, 23.11174533651538)
(17.309335492579475, 23.093201853565535)
(17.361605310214784, 23.06901731107756)
(17.418435984497954, 23.041352114831998)
(17.475506703867858, 23.01236667060943)
(17.528496656763355, 22.98422138419042)
(17.528496656763355, 22.98422138419042)
(17.59969002873583, 22.94613423042937)
(17.707370253891163, 22.889563604990155)
(17.841215393499994, 22.820030544867556)
(17.99090350883296, 22.74305608705635)
(18.146112661160704, 22.66416126855131)
(18.146112661160704, 22.66416126855131)
(18.29616084412376, 22.58752687461297)
(18.431326231709605, 22.5167735852995)
(18.542727155709244, 22.456582279802117)
(18.62148194791369, 22.41163383731205)
(18.658708940113968, 22.386609137020514)
(18.658708940113968, 22.386609137020514)
(18.67981290398892, 22.369545932105503)
(18.71111878404987, 22.346721645108993)
(18.749626016712703, 22.320176659268174)
(18.792334038393296, 22.29195135782025)
(18.836242285507534, 22.264086124002418)
(18.836242285507534, 22.264086124002418)
(18.8627472638339, 22.247583024289774)
(18.889252242160264, 22.231079924577134)
(18.915757220486626, 22.214576824864494)
(18.94226219881299, 22.198073725151854)
(18.968767177139355, 22.18157062543921)
(18.968767177139355, 22.18157062543921)
(18.93576097771407, 22.160066586419706)
(18.90275477828879, 22.138562547400202)
(18.869748578863504, 22.117058508380705)
(18.836742379438224, 22.0955544693612)
(18.80373618001294, 22.074050430341696)
(18.80373618001294, 22.074050430341696)
(18.741664521336176, 22.034442991031355)
(18.670231104276976, 21.990034649986427)
(18.595076988373464, 21.944426083507857)
(18.52184323316379, 21.901217967896574)
(18.45617089818609, 21.86401097945353)
(18.45617089818609, 21.86401097945353)
(18.395319468700208, 21.829664528294007)
(18.335428219561237, 21.79447791933093)
(18.280457894700216, 21.761211671061695)
(18.23436923804819, 21.732626301983675)
(18.201122993536174, 21.711482330594265)
(18.201122993536174, 21.711482330594265)
(18.16681654989111, 21.688538021054388)
(18.115106837458164, 21.657552201109077)
(18.05079475797193, 21.621285389255718)
(17.978681213166993, 21.582498103991703)
(17.903567104777938, 21.54395086381442)
(17.903567104777938, 21.54395086381442)
(17.82683269205346, 21.50606374762564)
(17.747577805918326, 21.46649631582975)
(17.6716835509974, 21.428369154554243)
(17.60503103191556, 21.394802849926595)
(17.553501353297662, 21.36891798807428)
(17.553501353297662, 21.36891798807428)
(17.490369495487847, 21.335831773620086)
(17.388710401257974, 21.284862200204557)
(17.258605964250677, 21.220930192105648)
(17.110138078108584, 21.148956673601297)
(16.953388636474326, 21.073862568969474)
(16.953388636474326, 21.073862568969474)
(16.791898304377163, 20.993867543816922)
(16.62764745378262, 20.91099197762362)
(16.472878384113883, 20.831357020101162)
(16.339833394794148, 20.76108382096115)
(16.24075478524662, 20.706293529915182)
(16.24075478524662, 20.706293529915182)
(16.15133799043994, 20.655764039158655)
(16.04511803956221, 20.597313060540063)
(15.931096623365777, 20.535621473250625)
(15.818275432602993, 20.47537015648156)
(15.715656158026201, 20.421239989424098)
(15.715656158026201, 20.421239989424098)
(15.622138592987898, 20.373150957049322)
(15.53462215511783, 20.32698228536838)
(15.459107971584224, 20.285854560508753)
(15.401597169555322, 20.252888368597926)
(15.368090876199354, 20.231204295763376)
(15.368090876199354, 20.231204295763376)
(15.356088621862888, 20.223202792872396)
(15.344086367526419, 20.215201289981422)
(15.332084113189955, 20.207199787090442)
(15.320081858853484, 20.199198284199465)
(15.30807960451702, 20.191196781308488)
(15.30807960451702, 20.191196781308488)
(15.310079980239763, 20.305718291435603)
(15.31208035596251, 20.420239801562726)
(15.314080731685253, 20.534761311689845)
(15.316081107408, 20.649282821816968)
(15.318081483130742, 20.763804331944083)
(15.318081483130742, 20.763804331944083)
(15.318841625905385, 21.20076640482038)
(15.31276048370824, 21.677215894463654)
(15.30079823688623, 22.152225113586546)
(15.283915065786266, 22.584866374901722)
(15.26307115075527, 22.93421199112181)
(15.26307115075527, 22.93421199112181)
(15.255289689193797, 23.043832580728207)
(15.250028701042975, 23.143251254148602)
(15.247408208846183, 23.225866771497948)
(15.247548235146771, 23.285077892891184)
(15.250568802488118, 23.314283378443253)
(15.250568802488118, 23.314283378443253)
(15.25500963659261, 23.341908567174354)
(15.259090403067008, 23.394258399838577)
(15.26245103428122, 23.466051884527875)
(15.26473146260515, 23.552008029334203)
(15.2655716204087, 23.646845842349517)
(15.2655716204087, 23.646845842349517)
(15.26763200740313, 23.741583636578692)
(15.270652574744469, 23.829840213466174)
(15.274393277346004, 23.905734468387106)
(15.278614070120996, 23.963385296716602)
(15.283074907982714, 23.996911593829797)
(15.283074907982714, 23.996911593829797)
(15.296837492955198, 24.0280374400757)
(15.318761610876477, 24.04608082909486)
(15.346806878509351, 24.050561670713797)
(15.378932912616627, 24.04099987475908)
(15.413099329961103, 24.016915351057243)
(None, None)
(6.3864038810767925, 20.683789303034306)
(None, None)
(6.384383501596819, 20.505415799837184)
(6.386443888591247, 20.228383765994305)
(6.39126479408306, 19.92926758417233)
(6.397525970095253, 19.68464163703791)
(6.4039071686508064, 19.57108030725771)
(6.4039071686508064, 19.57108030725771)
(6.4203902646062225, 19.540994656387635)
(6.443354577903327, 19.528432296848795)
(6.469079409697821, 19.532913138467748)
(6.493844061145399, 19.553957091071016)
(6.513927833401751, 19.591084064485152)
(6.513927833401751, 19.591084064485152)
(6.52254945276678, 19.618709253216256)
(6.530090869241526, 19.65725649339354)
(6.5360719926525315, 19.703245131259433)
(6.540012732826341, 19.753194513056364)
(6.541432999589487, 19.80362398502675)
(6.541432999589487, 19.80362398502675)
(6.5440534917862845, 19.849692637921557)
(6.5485943446769115, 19.89012023127822)
(6.554575468087917, 19.922266269142725)
(6.56151677184584, 19.94349025556104)
(6.568938165777223, 19.951151694579153)
(6.568938165777223, 19.951151694579153)
(6.57529936057555, 19.95429228446386)
(6.576619608552562, 19.96307393388671)
(6.573258977338349, 19.976536462500782)
(6.5655775345630145, 19.993719689959153)
(6.5539353478566404, 20.013663435914918)
(6.5539353478566404, 20.013663435914918)
(6.537292221843404, 20.047229740542573)
(6.525810065194854, 20.095558818004076)
(6.51864872010743, 20.165611975814585)
(6.514968028777576, 20.26435052148925)
(6.513927833401751, 20.39873576254322)
(6.513927833401751, 20.39873576254322)
(6.512887638025926, 20.53634160851081)
(6.5092069466960725, 20.63061931632376)
(6.502045601608648, 20.689850441474224)
(6.490563444960098, 20.72231653945436)
(6.473920318946862, 20.73629916575635)
(6.473920318946862, 20.73629916575635)
(6.438173604781419, 20.748121386277766)
(6.413588987148889, 20.74986171315656)
(6.398126082812076, 20.74043994350243)
(6.3897445085337745, 20.718775874425106)
(6.3864038810767925, 20.683789303034306)
(None, None)
(13.277698245931408, 14.590144757624039)
(None, None)
(13.237950780320475, 14.54661658189712)
(13.283179275411726, 14.518571314264243)
(13.44855033641101, 14.502288255881101)
(13.769230568524176, 14.494046707903397)
(14.280386576957062, 14.490125971486817)
(14.280386576957062, 14.490125971486817)
(14.739112737696818, 14.489505855012768)
(15.031247608246417, 14.491766279579467)
(15.196038560286102, 14.498587560794025)
(15.272732965496125, 14.511650014263548)
(15.300578195556728, 14.532633955595136)
(15.300578195556728, 14.532633955595136)
(15.310159995268675, 14.550177250683603)
(15.314820870702668, 14.564359914557864)
(15.314440799315348, 14.576022105021464)
(15.308899758563344, 14.586003979877958)
(15.298077725903298, 14.5951456969309)
(15.298077725903298, 14.5951456969309)
(15.238466529365514, 14.601366865428636)
(15.091838988888346, 14.607708056469736)
(14.874998260542846, 14.613689179880742)
(14.604747500400071, 14.618830145488193)
(14.297889864531076, 14.622650863118636)
(14.297889864531076, 14.622650863118636)
(13.877090827494552, 14.624311174968513)
(13.592397354633563, 14.622730878147546)
(13.416084238430866, 14.61706981485218)
(13.320426271369229, 14.606487827278862)
(13.277698245931408, 14.590144757624039)
(None, None)
(13.397720789296075, 13.327407582641607)
(None, None)
(13.334288875127847, 13.3075038442003)
(13.288740319920956, 13.284599542174877)
(13.262155326565683, 13.259894901998983)
(13.255614097952309, 13.234590149106266)
(13.270196836971117, 13.209885508930372)
(13.270196836971117, 13.209885508930372)
(13.291140770788251, 13.197563194478265)
(13.327327567612697, 13.190521871934205)
(13.383798174265776, 13.188641518754824)
(13.465593537568795, 13.191802112396761)
(13.577754604343074, 13.199883630316648)
(13.577754604343074, 13.199883630316648)
(13.664850963311368, 13.205224633496378)
(13.742825608983946, 13.209005343612365)
(13.80675761708286, 13.210865693034515)
(13.851726063330153, 13.210445614132741)
(13.872810023447881, 13.207385039276941)
(13.872810023447881, 13.207385039276941)
(14.00705523820126, 13.19698308551867)
(14.301650570889837, 13.190181808061338)
(14.652896544046534, 13.18758131962177)
(14.957093680204279, 13.18978173291679)
(15.110542501896006, 13.197383160663218)
(15.110542501896006, 13.197383160663218)
(15.150930087738217, 13.213286147659037)
(15.175594720399655, 13.232789810955795)
(15.183816264620136, 13.254093812403024)
(15.174874585139465, 13.275397813850251)
(15.148049546697465, 13.294901477147011)
(15.148049546697465, 13.294901477147011)
(14.954253146677981, 13.312444772235478)
(14.538054973803774, 13.32722754882656)
(14.043722125199167, 13.336489288422866)
(13.615521697988488, 13.337469472527014)
(13.397720789296075, 13.327407582641607)
(None, None)
(8.426787118276128, 12.182192481370413)
(None, None)
(8.338130466244094, 12.178071707381559)
(8.212026780682281, 12.172030572698871)
(8.060238270840433, 12.164549167495808)
(7.894527145968286, 12.156107581945825)
(7.726655615315571, 12.147185906222385)
(7.726655615315571, 12.147185906222385)
(7.565305309519004, 12.138324241770627)
(7.417637573666007, 12.13030273512242)
(7.293134188682394, 12.123961544081324)
(7.201276935493972, 12.12014082645088)
(7.1515475950265435, 12.11968074003465)
(7.1515475950265435, 12.11968074003465)
(7.004439964375916, 12.113979669224827)
(6.826246494993843, 12.099276907662656)
(6.647092845264847, 12.079173131649075)
(6.497104673573473, 12.057269017485021)
(6.406407638304238, 12.03716524147144)
(6.406407638304238, 12.03716524147144)
(6.372201213445306, 12.02558306603675)
(6.331993661418143, 12.015321138579072)
(6.289385658523689, 12.007099594358591)
(6.247977881062876, 12.0016385686355)
(6.2113710053366535, 11.999658196669982)
(6.2113710053366535, 11.999658196669982)
(6.170303291748708, 11.995937497825677)
(6.118673594344676, 11.985495536552952)
(6.0603226345122225, 11.969412515742087)
(5.999091133639012, 11.948768638283363)
(5.938819813112723, 11.924644107067065)
(5.938819813112723, 11.924644107067065)
(5.883229371777655, 11.901479756197684)
(5.83255985472054, 11.880955901282327)
(5.789931848068854, 11.864512812841367)
(5.758465937950082, 11.853590761395182)
(5.741282710491709, 11.849630017464149)
(5.741282710491709, 11.849630017464149)
(5.69197344892606, 11.836887624110268)
(5.600656297182775, 11.80530169144813)
(5.493736214802084, 11.764834090577011)
(5.397618161324214, 11.725446692596174)
(5.338707096289389, 11.697101368604885)
(5.338707096289389, 11.697101368604885)
(5.321443853802103, 11.687119493748389)
(5.2954189656491994, 11.673056852417496)
(5.263272927784698, 11.656233692589215)
(5.2276462361626175, 11.63797026224056)
(5.191179386736986, 11.619586809348537)
(5.191179386736986, 11.619586809348537)
(5.14951156043222, 11.596642499808658)
(5.10208265204595, 11.565656679863347)
(5.052733382965842, 11.52938986800999)
(5.005304474579573, 11.490602582745975)
(4.9636366482748056, 11.45205534256869)
(4.9636366482748056, 11.45205534256869)
(4.919068277172061, 11.408567174356227)
(4.866338373120515, 11.358597788802069)
(4.809887770224667, 11.305867884750526)
(4.754157302589007, 11.254098161045901)
(4.703587804318028, 11.207009316532496)
(4.703587804318028, 11.207009316532496)
(4.645816953445168, 11.14967854831864)
(4.596687725694563, 11.092227757561417)
(4.55343960256883, 11.030936245416529)
(4.513312065570577, 10.962083313039665)
(4.473544596202417, 10.881948261586523)
(4.473544596202417, 10.881948261586523)
(4.443078873945018, 10.81409551707103)
(4.410452745907056, 10.743002163884693)
(4.378306708042555, 10.67382917139219)
(4.349281256305532, 10.611737508958203)
(4.326016886650014, 10.561888145947412)
(4.326016886650014, 10.561888145947412)
(4.26202486727942, 10.414600481481736)
(4.206554448487716, 10.260951622217737)
(4.157325201950975, 10.09217992248979)
(4.112056699345267, 9.899523736632272)
(4.068468512346667, 9.674221418979563)
(4.068468512346667, 9.674221418979563)
(4.0453041614772856, 9.54079635827251)
(4.0247803065619285, 9.418773439185099)
(4.008337218120969, 9.315954127036035)
(3.9974151666747835, 9.240139887144018)
(3.99345442274375, 9.199132184827757)
(3.99345442274375, 9.199132184827757)
(3.9920341559806007, 9.158144486268725)
(3.988093415806794, 9.082470272677302)
(3.9821122923957883, 8.980031031915559)
(3.974570875921043, 8.858748251845565)
(3.965949256556014, 8.726543420329381)
(3.965949256556014, 8.726543420329381)
(3.9581677949945373, 8.596358968293174)
(3.952906806843719, 8.480817266547454)
(3.9502863146469243, 8.387359712780835)
(3.9504263409475175, 8.323427704681922)
(3.9534469082888606, 8.296462639939328)
(3.9534469082888606, 8.296462639939328)
(3.9573676447054407, 8.239811999471204)
(3.9602081782317367, 8.09590496997697)
(3.9620885314111174, 7.881304662440944)
(3.9631287267869446, 7.612574187847456)
(3.963448786902583, 7.306276657180827)
(3.963448786902583, 7.306276657180827)
(3.9599681331450083, 6.502525691782107)
(3.959007952798091, 5.9394199258295455)
(3.96128838112202, 5.531143240817405)
(3.9675295533769805, 5.191879518239947)
(3.9784516048231664, 4.8358126395914365)
(3.9784516048231664, 4.8358126395914365)
(3.9841126681185335, 4.62843368841452)
(3.988933573610347, 4.426815819319106)
(3.9926742762118796, 4.245121692422229)
(3.9950947308364, 4.097513967840916)
(3.9959548923971804, 3.9981553056921992)
(3.9959548923971804, 3.9981553056921992)
(3.995914884882726, 3.922621118401369)
(3.998635395865658, 3.861369613770934)
(4.003876380259248, 3.8148808819743536)
(4.011397792976768, 3.7836350131850853)
(4.020959588931486, 3.768112097576588)
(4.020959588931486, 3.768112097576588)
(4.032061674192716, 3.747528231389548)
(4.041363421303479, 3.701259540922469)
(4.048864830263771, 3.6300261614355387)
(4.054565901073591, 3.534548228188947)
(4.0584666337329445, 3.41554587644288)
(4.0584666337329445, 3.41554587644288)
(4.0599669155250036, 3.3485332897309403)
(4.061467197317061, 3.281520703019002)
(4.062967479109119, 3.214508116307063)
(4.064467760901177, 3.1474955295951244)
(4.065968042693235, 3.080482942883185)
(4.065968042693235, 3.080482942883185)
(4.049464942980594, 3.073981721784266)
(4.0329618432679535, 3.0674805006853463)
(4.01645874355531, 3.0609792795864266)
(3.99995564384267, 3.054478058487507)
(3.9834525441300275, 3.047976837388588)
(3.9834525441300275, 3.047976837388588)
(3.931982876783813, 3.0253725917215757)
(3.8381452516298706, 2.9817644009657465)
(3.7117815172241038, 2.9219531668556877)
(3.5627335221224152, 2.850739791125985)
(3.4008431148807077, 2.7729251755112267)
(3.4008431148807077, 2.7729251755112267)
(3.238672655037816, 2.6941503795495505)
(3.088864517161484, 2.622816981276483)
(2.9613805723509796, 2.5633658147965184)
(2.866182691705573, 2.520237714214148)
(2.813232746324527, 2.4978735136338654)
(2.813232746324527, 2.4978735136338654)
(2.784447339674235, 2.4866113983148144)
(2.75638206828413, 2.474389102648846)
(2.730957292848047, 2.4620467844395124)
(2.710093374059824, 2.450424601490367)
(2.6957106726132904, 2.4403627116049624)
(2.6957106726132904, 2.4403627116049624)
(2.6330188974624793, 2.404015884722696)
(2.53203993097834, 2.3542265329835868)
(2.4198988679612863, 2.3033569783541954)
(2.3237208032117334, 2.263769542801083)
(2.270630831530096, 2.2478265482908095)
(2.270630831530096, 2.2478265482908095)
(2.2196812618717945, 2.2386648274806396)
(2.161890407241707, 2.2141402211197927)
(2.1048196878718093, 2.1786935633127613)
(2.056030523994073, 2.1367656881640373)
(2.023084335840471, 2.092797429778115)
(2.023084335840471, 2.092797429778115)
(2.0075214127175185, 2.0601713017401537)
(2.0, 2.0382271800616465)
(2.0007601427746433, 2.0238444786151137)
(2.0100418861281764, 2.013902611273074)
(2.028085275147332, 2.0052809919080454)
(2.028085275147332, 2.0052809919080454)
(2.081375284401244, 2.0)
(2.157949667067901, 2.01464275029049)
(2.2588886260375864, 2.049929378039701)
(2.38527236420058, 2.1065800185078247)
(2.5381810844471655, 2.185314806955046)
(2.5381810844471655, 2.185314806955046)
(2.6268577402364266, 2.231883553780536)
(2.7146942382221346, 2.276411917368827)
(2.7954494061493285, 2.315659289049074)
(2.8628820717630434, 2.346385060150429)
(2.9107510628083184, 2.365348622002046)
(2.9107510628083184, 2.365348622002046)
(2.9557395128128414, 2.38261186448933)
(3.0150106454777585, 2.408636752642235)
(3.0830434238082987, 2.440782790506739)
(3.154316810809683, 2.4764094821288176)
(3.2233097694871384, 2.5128763315544487)
(3.2233097694871384, 2.5128763315544487)
(3.2958433931938513, 2.552563785893698)
(3.374498166612163, 2.594531668556877)
(3.4533929851172034, 2.6356593934165025)
(3.526646744084106, 2.672826374345094)
(3.5883783388879995, 2.702912025215171)
(3.5883783388879995, 2.702912025215171)
(3.677135009706171, 2.745800080710812)
(3.825542884576581, 2.8185737495042544)
(4.018839190665377, 2.913911656450255)
(4.242261155138704, 3.0244924264035684)
(4.481046005162709, 3.142994684218949)
(4.481046005162709, 3.142994684218949)
(4.714869923394306, 3.2571761304732023)
(4.926969761276901, 3.358515164587436)
(5.103422903780189, 3.440770614306688)
(5.230306735873868, 3.4977013073759933)
(5.293698642527639, 3.5230660715403936)
(5.293698642527639, 3.5230660715403936)
(5.332946014207885, 3.535348378478044)
(5.392837263346855, 3.5559122409078574)
(5.467611307863041, 3.5828372981359977)
(5.551507065674942, 3.61420318946863)
(5.638763454701056, 3.6480895542119214)
(5.638763454701056, 3.6480895542119214)
(5.741942834480213, 3.6887571926553164)
(5.870086903279225, 3.7387865894811547)
(6.012153587108533, 3.7937369105849448)
(6.157100811978598, 3.8491673218621933)
(6.293886503899862, 3.900636989208408)
(6.293886503899862, 3.900636989208408)
(6.423830910849343, 3.9498462319879204)
(6.549694551324422, 3.9990554747674345)
(6.662595757116119, 4.0446640412460075)
(6.753652860015444, 4.083071255122701)
(6.813984191813418, 4.110676440096574)
(6.813984191813418, 4.110676440096574)
(6.874135489796345, 4.138101591255401)
(6.9621320178398705, 4.1734482302762945)
(7.069812242995205, 4.213835816118506)
(7.1890146323135475, 4.25638380774128)
(7.311577652846099, 4.298211664103866)
(7.311577652846099, 4.298211664103866)
(7.517996423676098, 4.369525058619706)
(7.7074920158916775, 4.441438565852369)
(7.865541701745718, 4.507951058633622)
(7.97762275349109, 4.563061409795231)
(8.029212443380668, 4.600768492168964)
(8.029212443380668, 4.600768492168964)
(8.035393604363948, 4.607909833499161)
(8.044455306387981, 4.614090994482442)
(8.05567741419258, 4.618951907488711)
(8.068339792517548, 4.622132504887874)
(8.08172230610271, 4.623272719049838)
(8.08172230610271, 4.623272719049838)
(8.103906472867944, 4.627813571940468)
(8.140973435010402, 4.640395935236532)
(8.18920249368577, 4.6594595158742855)
(8.244872950049746, 4.683444020789993)
(8.30426410525803, 4.710789156919908)
(8.30426410525803, 4.710789156919908)
(8.362535050061576, 4.738134293049824)
(8.415164935326985, 4.762118797965531)
(8.458913152383403, 4.781182378603285)
(8.490539092559992, 4.7937647418993485)
(8.506802147185905, 4.798305594789978)
(8.506802147185905, 4.798305594789978)
(8.528086144875907, 4.805126876004536)
(8.576255192279593, 4.824070434098926)
(8.645788252402191, 4.852855840749218)
(8.73116428824892, 4.889202667631485)
(8.826862262825017, 4.930830486421797)
(8.826862262825017, 4.930830486421797)
(8.929121469771715, 4.975098801166132)
(9.032820947238786, 5.016126507239621)
(9.130399274994257, 5.051273108688239)
(9.21429503280616, 5.077898109557968)
(9.276946800442516, 5.093361013894784)
(9.276946800442516, 5.093361013894784)
(9.335897872991794, 5.108903933260509)
(9.409491695831562, 5.1330884757484885)
(9.491367074163495, 5.1637542355781605)
(9.575162813189257, 5.198740806968962)
(9.654517718110531, 5.235887784140325)
(9.654517718110531, 5.235887784140325)
(9.816828204254016, 5.310421783569783)
(10.011424754562597, 5.3934773835781336)
(10.218383626837737, 5.476773028673212)
(10.4177810788809, 5.552027163362856)
(10.58969336849356, 5.610958232154909)
(10.58969336849356, 5.610958232154909)
(10.643883546822707, 5.6306619330239425)
(10.71235640781225, 5.658167099211678)
(10.788990801750588, 5.691073279850824)
(10.867665578926127, 5.726980024074086)
(10.942259589627268, 5.763486881014172)
(10.942259589627268, 5.763486881014172)
(11.020314250328758, 5.79991372292535)
(11.108810872302971, 5.838260925530362)
(11.200788148034759, 5.875647947788453)
(11.289284770008972, 5.909194248658878)
(11.367339430710462, 5.936019287100882)
(11.367339430710462, 5.936019287100882)
(11.580319433911063, 6.004832211963291)
(11.740129450401117, 6.059842544338763)
(11.875214822958048, 6.112452425846942)
(12.014020894359286, 6.17406399810747)
(12.184993007382255, 6.256079402739992)
(12.184993007382255, 6.256079402739992)
(12.301934972133894, 6.3123699755780205)
(12.427398537464425, 6.370340864023155)
(12.551901922448042, 6.425671256514265)
(12.66596334615893, 6.474040341490227)
(12.760101027671283, 6.511127307389909)
(12.760101027671283, 6.511127307389909)
(12.842736548777857, 6.54281325883818)
(12.927292430578262, 6.576179525893558)
(13.007287455730813, 6.608705635145384)
(13.076240406893817, 6.637871113182998)
(13.127670066725575, 6.661155486595742)
(13.127670066725575, 6.661155486595742)
(13.230289341302367, 6.707104116947183)
(13.365314702587616, 6.7652950467218185)
(13.516543107227095, 6.8287669684045005)
(13.667771511866574, 6.890558574480075)
(13.802796873151825, 6.943708557433395)
(13.802796873151825, 6.943708557433395)
(13.986711417100949, 7.016022139810608)
(14.138699964515071, 7.077533693285)
(14.271244859904117, 7.133644232307981)
(14.396828447778013, 7.1897547713309615)
(14.527933072646686, 7.251266324805354)
(14.527933072646686, 7.251266324805354)
(14.612448946932638, 7.2904336814566895)
(14.696964821218593, 7.328160767587652)
(14.775479568336312, 7.361807087244212)
(14.841992061117566, 7.3887321444723515)
(14.890501172394117, 7.406295443318049)
(14.890501172394117, 7.406295443318049)
(15.003082318070174, 7.447223130605401)
(15.128625898429616, 7.496672418471643)
(15.272892995553946, 7.557163780327436)
(15.441644691524665, 7.631217689583434)
(15.640642068423285, 7.721354619650299)
(15.640642068423285, 7.721354619650299)
(15.75192296987956, 7.773624437285612)
(15.858763037231338, 7.823253758966902)
(15.953720872790019, 7.867001976023321)
(16.029355078866985, 7.901628479784027)
(16.078224257773634, 7.923892661578174)
(16.078224257773634, 7.923892661578174)
(16.119992102864536, 7.9415959867244625)
(16.17592260807247, 7.963500100888514)
(16.24097482657612, 7.98780466591986)
(16.310107811554168, 8.012709343668028)
(16.3782806161853, 8.036413795982549)
(16.3782806161853, 8.036413795982549)
(16.44447304885091, 8.058317910146602)
(16.508145008105867, 8.080822137027475)
(16.56497568238904, 8.102126138474704)
(16.610644260139296, 8.120429576337816)
(16.64082992979551, 8.13393211246634)
(16.64082992979551, 8.13393211246634)
(16.665894637601493, 8.145734329230534)
(16.697320540205812, 8.159336884145194)
(16.73246714165443, 8.173539551776681)
(16.768693945993334, 8.187142106691343)
(16.803360457268493, 8.198944323455535)
(16.803360457268493, 8.198944323455535)
(16.836286641664866, 8.209926386173402)
(16.867532510454136, 8.221388539064726)
(16.894817635312368, 8.232610646869325)
(16.915861587915643, 8.242872574327004)
(16.92838393994002, 8.251454186177577)
(16.92838393994002, 8.251454186177577)
(16.943266735317238, 8.25879556508005)
(16.96823142433709, 8.268177327219721)
(17.000757533588914, 8.278639292249675)
(17.038324589662057, 8.289221279822993)
(17.078412119145852, 8.298963109592759)
(17.078412119145852, 8.298963109592759)
(17.175490352970645, 8.325908170578124)
(17.259126061938588, 8.355493727517516)
(17.328479088246137, 8.387359712780835)
(17.38270927408974, 8.421146058737987)
(17.42097646166584, 8.456492697758883)
(17.42097646166584, 8.456492697758883)
(17.443080613402167, 8.496580227242681)
(17.445381045483323, 8.52994649429806)
(17.430878321493424, 8.552270687363887)
(17.402573005016592, 8.559231994879037)
(17.363465659636937, 8.546509605282383)
(17.363465659636937, 8.546509605282383)
(17.3380008766864, 8.53542752377838)
(17.297173208185185, 8.518464337649505)
(17.244823375520966, 8.4975404075896)
(17.184792100081403, 8.474576094292491)
(17.120920103254175, 8.451491758452022)
(17.120920103254175, 8.451491758452022)
(17.04578599110789, 8.423446490819144)
(16.95192836219672, 8.389160050931306)
(16.847628772012825, 8.351392957285888)
(16.74116877604837, 8.312905728380287)
(16.64082992979551, 8.276458882711882)
(16.64082992979551, 8.276458882711882)
(16.533089693368492, 8.23633134571363)
(16.406025827459764, 8.187682208136485)
(16.270320338428782, 8.134592236454846)
(16.136655232635, 8.081142197143116)
(16.015712516437866, 8.031412856675688)
(16.015712516437866, 8.031412856675688)
(15.900730919894515, 7.983383835572595)
(15.7835889175706, 7.934634679209313)
(15.67292813258838, 7.888646041343418)
(15.577390188070105, 7.848898575732484)
(15.505616707138035, 7.818872936134091)
(15.505616707138035, 7.818872936134091)
(15.45062637851979, 7.79750892341518)
(15.401757199613142, 7.779385519367114)
(15.362129756545576, 7.765942994510273)
(15.334864635444568, 7.758621619365029)
(15.323082422437604, 7.758861664451757)
(15.323082422437604, 7.758861664451757)
(15.319581764922802, 7.833815742782991)
(15.315480994691173, 8.036833874884325)
(15.311380224459548, 8.344151597169555)
(15.307879566944745, 8.732004446052475)
(15.30557913486359, 9.176627957946884)
(15.30557913486359, 9.176627957946884)
(15.297957703359932, 10.043230728554231)
(15.28781579844562, 10.820056636724809)
(15.276233623010926, 11.455135921181716)
(15.264291379946142, 11.89649882064805)
(15.253069272141548, 12.092175573846912)
(15.253069272141548, 12.092175573846912)
(15.225404075895991, 12.13250314841744)
(15.158371485426828, 12.157947927610751)
(15.044410080502074, 12.169230046687028)
(14.875958440889763, 12.167069640906465)
(14.645455146357923, 12.152186845529245)
(14.645455146357923, 12.152186845529245)
(14.402689548645657, 12.135183651885917)
(14.117796038212393, 12.12538181084447)
(13.686234979787507, 12.121581096971257)
(13.003466738100371, 12.122581284832627)
(11.964951677880366, 12.12718214899494)
(11.964951677880366, 12.12718214899494)
(11.442533554128426, 12.132263103330711)
(11.005211413622034, 12.138424260556764)
(10.66906827717206, 12.145545598129734)
(10.450187165589362, 12.153507093506258)
(10.364651099684808, 12.162188724142968)
(10.364651099684808, 12.162188724142968)
(10.201280414408272, 12.173390828190335)
(9.820428880554957, 12.182192481370413)
(9.327476291199043, 12.187393458249549)
(8.827802439414707, 12.187793533394096)
(8.426787118276128, 12.182192481370413)
(None, None)
(10.039590044738837, 12.044666650431733)
(None, None)
(10.061994252833573, 12.043526436269767)
(10.102401842433014, 12.040345838870604)
(10.156612024519385, 12.035484925864337)
(10.220424010074934, 12.029303764881053)
(10.289637010081892, 12.022162423550856)
(10.289637010081892, 12.022162423550856)
(10.39329648003451, 12.014741029619476)
(10.553006477738425, 12.007799725861553)
(10.753404117642964, 12.001818602450545)
(10.97912651419745, 11.997277749559915)
(11.214810781851199, 11.994657257363121)
(11.214810781851199, 11.994657257363121)
(11.480060602687113, 11.994377204761937)
(11.787918426417484, 11.993617061987294)
(12.11317951893573, 11.992496851582558)
(12.430639146135272, 11.99113659609109)
(12.715092573909532, 11.98965631805626)
(12.715092573909532, 11.98965631805626)
(12.987563751104556, 11.989696325570714)
(13.271557092462583, 11.989976378171898)
(13.545588562721345, 11.990736520946541)
(13.788174126618562, 11.992216798981373)
(13.977829748891963, 11.994657257363121)
(13.977829748891963, 11.994657257363121)
(14.145401223186266, 11.99763781719001)
(14.324014771470118, 12.000498354473535)
(14.50010784634331, 12.00311884667033)
(14.660117900405638, 12.00537927123703)
(14.790482386256896, 12.007159605630273)
(14.790482386256896, 12.007159605630273)
(14.85799506689952, 12.008159793491645)
(14.925507747542145, 12.009159981353019)
(14.99302042818477, 12.01016016921439)
(15.060533108827395, 12.011160357075763)
(15.12804578947002, 12.012160544937135)
(15.12804578947002, 12.012160544937135)
(15.131046353054138, 11.848629829602777)
(15.134046916638253, 11.685099114268418)
(15.137047480222371, 11.52156839893406)
(15.140048043806486, 11.3580376835997)
(15.143048607390604, 11.194506968265342)
(15.143048607390604, 11.194506968265342)
(15.149549828489524, 10.925276399741168)
(15.156651162305266, 10.669368333530471)
(15.16375249612101, 10.444306060964493)
(15.170253717219927, 10.267612873374476)
(15.175554712885202, 10.156812062091662)
(15.175554712885202, 10.156812062091662)
(15.183996298435183, 10.022126764679278)
(15.188477140054129, 9.8510746366274)
(15.189237282828772, 9.579083549605839)
(15.18651677184584, 9.141581375284401)
(15.180555652192062, 8.473995985332897)
(15.180555652192062, 8.473995985332897)
(15.17955546433069, 8.31146545785991)
(15.17855527646932, 8.148934930386925)
(15.177555088607944, 7.986404402913938)
(15.176554900746572, 7.823873875440952)
(15.175554712885202, 7.661343347967965)
(15.175554712885202, 7.661343347967965)
(15.12804578947002, 7.643840060393952)
(15.080536866054839, 7.626336772819938)
(15.03302794263966, 7.608833485245924)
(14.985519019224478, 7.59133019767191)
(14.938010095809299, 7.573826910097896)
(14.938010095809299, 7.573826910097896)
(14.855954683662318, 7.541260793331616)
(14.770058550127676, 7.505334045351127)
(14.686682890003684, 7.468687162110449)
(14.612188898088682, 7.4339606395636055)
(14.552937769180993, 7.403794973664618)
(14.552937769180993, 7.403794973664618)
(14.426634046046907, 7.3402230331958)
(14.305851359907596, 7.28409249041559)
(14.19971142405878, 7.23924406671166)
(14.11733595179616, 7.209518483471678)
(14.067846656415464, 7.198756462083312)
(14.067846656415464, 7.198756462083312)
(14.048242974332569, 7.20699801006102)
(14.018437376063675, 7.229882308329217)
(13.981430425192904, 7.264648838390515)
(13.940222685304366, 7.308537081747529)
(13.897814719982186, 7.358786519902868)
(13.897814719982186, 7.358786519902868)
(13.84054396304001, 7.423538682048105)
(13.76070896794528, 7.50773449621842)
(13.665751132386601, 7.603812542181836)
(13.563111854052586, 7.70421139970638)
(13.460232530631838, 7.801369648560077)
(13.460232530631838, 7.801369648560077)
(13.289500462695598, 7.959819409558666)
(13.14217279071547, 8.100385811595917)
(12.998445795036282, 8.24299259687037)
(12.838515756002867, 8.407563507580553)
(12.642578953960047, 8.614022285925007)
(12.642578953960047, 8.614022285925007)
(12.391631819541754, 8.877231723523721)
(12.214498549292733, 9.060986237415028)
(12.092575648991463, 9.183649276733716)
(12.007259624416411, 9.263584290614585)
(11.93994698134606, 9.319154728192425)
(11.93994698134606, 9.319154728192425)
(11.761333433062207, 9.466102328785233)
(11.525829199223505, 9.672581110886913)
(11.283363657869648, 9.893102530562262)
(11.083866187040346, 10.082178043876066)
(10.977266164775296, 10.19431910689312)
(10.977266164775296, 10.19431910689312)
(10.927816876909054, 10.255010506321186)
(10.879927882106552, 10.301179178002128)
(10.835759586148352, 10.331504873958933)
(10.797472394815024, 10.344667346214592)
(10.767226713887128, 10.339346346792093)
(10.767226713887128, 10.339346346792093)
(10.747683043075913, 10.320982897657299)
(10.74530259596585, 10.296858366440999)
(10.76344600377114, 10.259411332911224)
(10.805473897706003, 10.201080376835995)
(10.874746908984642, 10.114304077983341)
(10.874746908984642, 10.114304077983341)
(10.974805702636319, 10.000782755717596)
(11.106910515366362, 9.867457713796677)
(11.275502181279267, 9.710128163202825)
(11.485021534479518, 9.52459331491828)
(11.739909409071615, 9.306652379925271)
(11.739909409071615, 9.306652379925271)
(11.844509055613923, 9.214255025291706)
(11.962791272099803, 9.105174537130452)
(12.085034232516714, 8.988532628737222)
(12.201516110852124, 8.873451013407735)
(12.30251508109349, 8.769051404437702)
(12.30251508109349, 8.769051404437702)
(12.49039036897365, 8.571294260487187)
(12.722313930268642, 8.333809654682966)
(12.991324457463312, 8.063678917083557)
(13.290460643042517, 7.7679833777474725)
(13.612761179491102, 7.453804366733229)
(13.612761179491102, 7.453804366733229)
(13.70207795551164, 7.364907669614467)
(13.778192251762068, 7.2845325730745945)
(13.836903279224616, 7.217600001391565)
(13.874010248881525, 7.16903087884333)
(13.885312371715033, 7.14374612970784)
(13.885312371715033, 7.14374612970784)
(13.863528280094348, 7.120141696179457)
(13.789654404653396, 7.080934332013665)
(13.628404117642962, 7.01052110657306)
(13.344490791313843, 6.893299089220236)
(12.902627797916825, 6.713665349317784)
(12.902627797916825, 6.713665349317784)
(12.705910849342134, 6.631589933413581)
(12.503912908859402, 6.545553773578341)
(12.31175681693257, 6.461798042067031)
(12.14456541402559, 6.386563911134613)
(12.017461540602406, 6.326092553036048)
(12.017461540602406, 6.326092553036048)
(11.918222900997055, 6.2785436221064135)
(11.82846604231751, 6.236755773258281)
(11.754072069188648, 6.203489524989041)
(11.700922086235325, 6.181505395796081)
(11.674897198082421, 6.173563904176784)
(11.674897198082421, 6.173563904176784)
(11.603123717150352, 6.156400680475638)
(11.464377657020798, 6.114272767754637)
(11.301507065674944, 6.061222803587456)
(11.157359991093976, 6.0112934255477555)
(11.074784481259087, 5.978527271209201)
(11.074784481259087, 5.978527271209201)
(10.931757617082857, 5.906193685074761)
(10.790531091057101, 5.842741767149308)
(10.664307382951927, 5.793452509340885)
(10.566288972537448, 5.7636069035575375)
(10.50967833958378, 5.7584859417073115)
(10.50967833958378, 5.7584859417073115)
(10.44792674102266, 5.797833332173695)
(10.341526756329884, 5.88843034865679)
(10.205241158339303, 6.016114331039569)
(10.053832719884777, 6.166722619204998)
(9.902064213800156, 6.326092553036048)
(9.902064213800156, 6.326092553036048)
(9.818828579976758, 6.411728637726736)
(9.711468414937066, 6.51128733744773)
(9.577463245270412, 6.627289125609679)
(9.41429259756615, 6.762254475623246)
(9.219435998413614, 6.9187038608990905)
(9.219435998413614, 6.9187038608990905)
(9.129579120947934, 6.990377323045023)
(9.02627971862541, 7.076213445307988)
(8.888893913987324, 7.193975564105952)
(8.696777829574946, 7.36142701585689)
(8.429287587929558, 7.596331136978771)
(8.429287587929558, 7.596331136978771)
(8.326428268266039, 7.681807191611641)
(8.240132059586845, 7.7430386924848476)
(8.170759029522067, 7.779785594511665)
(8.118669245701799, 7.791807852605359)
(8.08422277575614, 7.7788654216792015)
(8.08422277575614, 7.7788654216792015)
(8.073380739338868, 7.735377253466738)
(8.064699108702154, 7.625396596230248)
(8.057937838759276, 7.443642458061687)
(8.052856884423509, 7.18483384705301)
(8.049216200608114, 6.843689771296173)
(8.049216200608114, 6.843689771296173)
(8.046635715925774, 6.526250147853856)
(8.042374915636326, 6.190927165450207)
(8.037153934999964, 5.863045580735163)
(8.031692909276872, 5.567930150358677)
(8.026711973727238, 5.330905630970687)
(8.026711973727238, 5.330905630970687)
(8.023211316212436, 5.210382993675334)
(8.019710658697633, 5.089860356379981)
(8.016210001182827, 4.969337719084627)
(8.012709343668027, 4.848815081789274)
(8.009208686153224, 4.728292444493922)
(8.009208686153224, 4.728292444493922)
(7.965700514183534, 4.708288687266478)
(7.922192342213843, 4.688284930039034)
(7.8786841702441475, 4.668281172811589)
(7.835175998274456, 4.648277415584144)
(7.791667826304766, 4.6282736583567)
(7.791667826304766, 4.6282736583567)
(7.709392372828286, 4.592166876561164)
(7.609353582933837, 4.551859305747862)
(7.500193079743674, 4.510351509500915)
(7.390552486380051, 4.470644051404438)
(7.289073425965224, 4.435737495042547)
(7.289073425965224, 4.435737495042547)
(7.186454151388432, 4.401491062669162)
(7.073632960625647, 4.361003458040814)
(6.9596115444292135, 4.317635312371715)
(6.853391593551484, 4.274747256876074)
(6.763974798744807, 4.235699922768102)
(6.763974798744807, 4.235699922768102)
(6.679678965788357, 4.197792802822096)
(6.587701690056568, 4.1580853447256185)
(6.49536434669468, 4.119578112062787)
(6.409988310847951, 4.08527166841772)
(6.338894957661612, 4.058166577374533)
(6.338894957661612, 4.058166577374533)
(6.27630320129694, 4.03626246321048)
(6.2144315801924535, 4.013758236329606)
(6.157600905909281, 3.992454234882377)
(6.110131990008559, 3.9741507970192664)
(6.076345644051404, 3.960648260890741)
(6.076345644051404, 3.960648260890741)
(5.900192557906527, 3.8907551331380494)
(5.693913813377122, 3.8113802244595507)
(5.486194798327338, 3.7334455863014266)
(5.305720900621333, 3.6678732701098635)
(5.181177508123264, 3.6255853273310468)
(5.181177508123264, 3.6255853273310468)
(5.122186428059532, 3.6054815513174647)
(5.0621151451055155, 3.582377211719766)
(5.005284470822345, 3.558072646688421)
(4.95601521677115, 3.5343681943739)
(4.918628194513056, 3.5130641929266715)
(4.918628194513056, 3.5130641929266715)
(4.806087056351454, 3.4527328611286983)
(4.629813947663213, 3.3652764345303123)
(4.438297975967661, 3.2739792865442556)
(4.28002824878412, 3.202125790583275)
(4.203493873631917, 3.1730003200601153)
(4.203493873631917, 3.1730003200601153)
(4.19719269010527, 3.179821601274674)
(4.19329195744592, 3.1987651593690645)
(4.19179167565386, 3.227550566019356)
(4.192691844729097, 3.263897392901623)
(4.195992464671624, 3.3055252116919354)
(4.195992464671624, 3.3055252116919354)
(4.198452926810601, 3.366396644935049)
(4.197072667561907, 3.458834007083069)
(4.192211754555639, 3.5735955622969184)
(4.184230255421888, 3.7014395747375164)
(4.17348823779075, 3.8331243085657825)
(4.17348823779075, 3.8331243085657825)
(4.142942500504441, 4.248082248491891)
(4.122358634317401, 4.688725012698038)
(4.110296368709253, 5.235947795412008)
(4.105315433159619, 5.970645790861587)
(4.105975557148125, 6.973714193274563)
(4.105975557148125, 6.973714193274563)
(4.109016128246697, 7.907289543079394)
(4.11649753344976, 8.564813043145493)
(4.130460155994518, 9.008096303305663)
(4.152944379118164, 9.298950933392707)
(4.185990586057903, 9.499188543239425)
(4.185990586057903, 9.499188543239425)
(4.196372536058947, 9.54711754555638)
(4.20903491438392, 9.611969726487757)
(4.223257585772632, 9.687863981408682)
(4.238320414964897, 9.768919205694287)
(4.253503266700528, 9.849254294719703)
(4.253503266700528, 9.849254294719703)
(4.268586099650021, 9.92958938374512)
(4.285949360923442, 10.010644608030724)
(4.304272802543782, 10.086538862951649)
(4.322236176534028, 10.151391043883025)
(4.338519234917166, 10.199320046199981)
(4.338519234917166, 10.199320046199981)
(4.357622823069377, 10.246948992158526)
(4.383327651106642, 10.310901004014665)
(4.413233268161672, 10.385294977143532)
(4.444939223367172, 10.464249806920256)
(4.476045065855847, 10.541884388719968)
(4.476045065855847, 10.541884388719968)
(4.5378166681741945, 10.695053157810511)
(4.5921468728039345, 10.817256110712966)
(4.640595972808805, 10.911133743381363)
(4.684724261252548, 10.979326551769724)
(4.7260920311989025, 11.024475031832065)
(4.7260920311989025, 11.024475031832065)
(4.748136171663546, 11.044438781545056)
(4.779422047967271, 11.07256406420684)
(4.817189141612685, 11.106210383863402)
(4.858676934102405, 11.142737244560717)
(4.901124906939042, 11.179504150344759)
(4.901124906939042, 11.179504150344759)
(4.94263270318599, 11.21591098849871)
(4.984140499432936, 11.254118164803128)
(5.022647732095768, 11.2911251156739)
(5.055153837590366, 11.323931277526908)
(5.078658252332612, 11.349536086778038)
(5.078658252332612, 11.349536086778038)
(5.173536072862381, 11.42050941742101)
(5.336586698023281, 11.511646535349248)
(5.524962079834124, 11.602303563104025)
(5.69581417031373, 11.671836623226621)
(5.806294921480903, 11.699601838258316)
(5.806294921480903, 11.699601838258316)
(5.821237728129806, 11.701902270339472)
(5.843621932467315, 11.708403491438391)
(5.871287128712871, 11.71850538883825)
(5.902072911085908, 11.731607849822227)
(5.933818873805862, 11.747110761673495)
(5.933818873805862, 11.747110761673495)
(5.968345358780434, 11.762513654738628)
(6.009593106183422, 11.777916547803759)
(6.0540814622572565, 11.792119215435246)
(6.098329773244364, 11.803921432199438)
(6.138857385387167, 11.81212297266269)
(6.138857385387167, 11.81212297266269)
(6.181945478455083, 11.819124287692295)
(6.23331512701516, 11.830326391739664)
(6.2886455195062725, 11.84452905937115)
(6.343615844367291, 11.860532065153105)
(6.393905290037084, 11.877135183651884)
(6.393905290037084, 11.877135183651884)
(6.453036396401409, 11.893238208219977)
(6.527890455946509, 11.908141007354423)
(6.61318647676433, 11.9212434683384)
(6.703643466946833, 11.931945478455082)
(6.793980434585974, 11.939646924987649)
(6.793980434585974, 11.939646924987649)
(6.878636335172518, 11.944367811693326)
(6.958131266394381, 11.949208720942366)
(7.027304258886885, 11.953689562561314)
(7.0809943432853455, 11.95733024637671)
(7.114040550225085, 11.959650682215093)
(7.114040550225085, 11.959650682215093)
(7.1416657389561875, 11.963211351001577)
(7.180212979133471, 11.96773220013498)
(7.226201616999365, 11.972973184528572)
(7.276150998796296, 11.97869425909562)
(7.326580470766682, 11.984655378749398)
(7.326580470766682, 11.984655378749398)
(7.517596348531549, 12.001098467190358)
(7.752300432081154, 12.014180924417106)
(8.02277123355343, 12.02354268279955)
(8.321087265086309, 12.028823674707596)
(8.639327038817726, 12.02966383251115)
(8.639327038817726, 12.02966383251115)
(8.815060046060825, 12.029323768638282)
(8.980591137117926, 12.031144110545979)
(9.124518170369392, 12.03488481314751)
(9.23543900419557, 12.04030583135615)
(9.301951496976823, 12.047167120085163)
(9.301951496976823, 12.047167120085163)
(9.356621765479428, 12.053728352455764)
(9.43205593398412, 12.058249201589167)
(9.521412717519116, 12.060489622398642)
(9.617850831112623, 12.060209569797458)
(9.714528989792864, 12.057168998698884)
(9.714528989792864, 12.057168998698884)
(9.806906340669201, 12.05298821343835)
(9.891242181140111, 12.049527563438001)
(9.961895451667441, 12.046907071241206)
(10.013225092713066, 12.045246759391327)
(10.039590044738837, 12.044666650431733)
(None, None)
(8.939383397229392, 6.961211845007409)
(None, None)
(9.016597900127326, 6.897299840665723)
(9.102814093777614, 6.826186483722159)
(9.191430738295189, 6.7532727886281245)
(9.275846593795006, 6.683959769835029)
(9.349460420392003, 6.623648441794284)
(9.349460420392003, 6.623648441794284)
(9.431475825024524, 6.552255032249536)
(9.541696527347742, 6.45217623484063)
(9.669920611175662, 6.332533762863285)
(9.805946160322284, 6.202449329613213)
(9.939571258601614, 6.071044648386131)
(9.939571258601614, 6.071044648386131)
(10.01858609965002, 5.992529901268412)
(10.097600940698428, 5.914015154150691)
(10.176615781746829, 5.835500407032973)
(10.255630622795236, 5.7569856599152525)
(10.334645463843643, 5.678470912797534)
(10.334645463843643, 5.678470912797534)
(10.321142927715119, 5.672469785629302)
(10.307640391586594, 5.666468658461067)
(10.294137855458066, 5.660467531292834)
(10.28063531932954, 5.6544664041246)
(10.267132783201017, 5.648465276956367)
(10.267132783201017, 5.648465276956367)
(10.239827654585556, 5.636062947475351)
(10.202320609784097, 5.620660054410219)
(10.158212325097583, 5.603456823194617)
(10.111103476826951, 5.5856534792621915)
(10.064594741273142, 5.56845024804659)
(10.064594741273142, 5.56845024804659)
(10.008124134620065, 5.546166062495216)
(9.933290078832195, 5.514400096018035)
(9.846933858881318, 5.476272934742527)
(9.755896759739219, 5.434905164796169)
(9.667020066377685, 5.39341737230645)
(9.667020066377685, 5.39341737230645)
(9.576142997293406, 5.351009406984268)
(9.479504846127618, 5.3098016670957335)
(9.384547010568937, 5.272794716224961)
(9.298710888305976, 5.242989117956068)
(9.229437877027337, 5.223385435873173)
(9.229437877027337, 5.223385435873173)
(9.162725346673808, 5.203721742518596)
(9.084010561983815, 5.176496628932042)
(8.999894762842413, 5.144350591067539)
(8.916979189134656, 5.109924124879107)
(8.841865080745599, 5.07585772632077)
(8.841865080745599, 5.07585772632077)
(8.773192182183784, 5.043111575739444)
(8.710760455876926, 5.014926281805973)
(8.658410623212706, 4.992862137584103)
(8.619983405578784, 4.978479436137569)
(8.599319524362837, 4.973338470530116)
(8.599319524362837, 4.973338470530116)
(8.578955699505297, 4.9687976176394875)
(8.54142865094661, 4.956215254343425)
(8.490579100074449, 4.937151673705671)
(8.430247768276475, 4.913167168789963)
(8.364275376940363, 4.885822032660047)
(8.364275376940363, 4.885822032660047)
(8.299723252367398, 4.8584768965301315)
(8.243332660743233, 4.834492391614424)
(8.198464233282078, 4.81542881097667)
(8.168478601198137, 4.802846447680607)
(8.156736395705627, 4.798305594789978)
(8.156736395705627, 4.798305594789978)
(8.147674693681594, 4.854076069940093)
(8.144254051195702, 4.997222956659685)
(8.146114400617854, 5.1914994468526245)
(8.152895674317957, 5.400658732422785)
(8.16423780466592, 5.588454005274034)
(8.16423780466592, 5.588454005274034)
(8.172859424030948, 5.736361786213758)
(8.180400840505694, 5.936959463690572)
(8.186381963916698, 6.172123633656408)
(8.190322704090509, 6.423730892063204)
(8.191742970853655, 6.673657834862896)
(8.191742970853655, 6.673657834862896)
(8.192323079813251, 6.909922211476243)
(8.193983391663131, 7.123502327393668)
(8.196603883859922, 7.300715612671596)
(8.200064533860271, 7.42787949736646)
(8.204245319120808, 7.491311411534688)
(8.204245319120808, 7.491311411534688)
(8.207245882704926, 7.507314417316643)
(8.210246446289041, 7.523317423098599)
(8.213247009873157, 7.539320428880554)
(8.216247573457274, 7.555323434662511)
(8.21924813704139, 7.571326440444466)
(8.21924813704139, 7.571326440444466)
(8.270257717971374, 7.527318174544087)
(8.321267298901356, 7.483309908643711)
(8.372276879831343, 7.439301642743332)
(8.423286460761325, 7.395293376842955)
(8.474296041691307, 7.351285110942577)
(8.474296041691307, 7.351285110942577)
(8.564192926671442, 7.273750547929002)
(8.663571592577387, 7.189494722487006)
(8.764510551547072, 7.10499885195828)
(8.85908831571843, 7.0267441536845165)
(8.939383397229392, 6.961211845007409)
(None, None)
(None, None)
