(6.355367413217453, 14.922175507644127)
(6.310838607989005, 14.866691202716618)
(6.240812415169432, 14.718052427827068)
(6.063849026959964, 14.422437182064435)
(5.996414457725115, 14.263746049028075)
(5.613534795602089, 13.53234537079163)
(5.557540019362437, 13.445853205903452)
(5.474752043739295, 13.245329603287399)
(5.09137499931213, 12.528078142702906)
(4.8192414339080605, 11.970486401747044)
(4.004738643856384, 10.419687644465549)
(3.5966757303343178, 9.577998984790273)
(3.4020160033039053, 9.247737134841955)
(3.3744505524481996, 9.16107481284973)
(3.193586639853643, 8.831035476037476)
(2.9703143413272306, 8.370145326212642)
(2.832958291336837, 8.168587691964301)
(2.7678535655266376, 8.006441060814977)
(2.670785482171505, 7.82278918951564)
(2.5590969768762846, 7.570420026197096)
(2.5376310037502843, 7.510943573828471)
(2.5346597989334523, 7.442867643201442)
(2.509633615630458, 7.412187008440865)
(2.523363985026296, 7.374739356542397)
(2.572774990240107, 7.357291708873521)
(2.892670345849528, 7.33786762099609)
(4.069005673154348, 7.31318175190119)
(4.1742674755197715, 7.316427825886098)
(4.246505710691965, 7.332946153986715)
(4.575353947775886, 7.3134173540452565)
(5.599071441758047, 7.301349288665883)
(6.188050623906682, 7.313639867181318)
(6.315694629958364, 7.306414734763298)
(6.3635480432197395, 7.28473933750924)
(6.3796344340562365, 7.255171268428975)
(6.390144907483175, 7.131440875770389)
(6.39735695089319, 6.80210834539033)
(6.416008787298405, 3.5039270196203915)
(6.441100415641417, 2.2456806802286753)
(6.351375265776338, 2.224895335518865)
(6.092801912664059, 2.2164398363485014)
(3.70701606780516, 2.2348429816016457)
(2.4006807130080015, 2.229842980544248)
(2.0969110152590895, 2.2155236057882455)
(2.0, 2.1931152240859815)
(2.012015709347359, 2.171439826831923)
(2.1434555277201004, 2.145523590984678)
(2.5481022101532105, 2.1194895540654013)
(3.1693588860388706, 2.139109977062886)
(3.8653537976254215, 2.1224214918582205)
(4.0905894473523805, 2.1468063137690367)
(4.164738677693108, 2.1302879856684194)
(4.389817259324024, 2.120994789985822)
(7.165197427411825, 2.0994502828117994)
(8.978587863262721, 2.1104319605268693)
(9.174635025141523, 2.094568082826435)
(9.814975474696517, 2.0781544667898464)
(15.206233159339527, 2.0304057655924996)
(15.679714934863883, 2.0154842964683284)
(15.816403445446092, 2.0471596958371827)
(16.067267372844213, 2.019777491093529)
(16.65133817699148, 2.022801051942374)
(17.434283368746335, 2.0)
(18.338157905446995, 2.006963352257947)
(18.44665269278932, 2.023141366150469)
(18.465945890586717, 2.055785352111594)
(18.443066304596318, 2.121636151378001)
(18.41047467466721, 2.1421073598957237)
(18.34489874456888, 2.152212074074548)
(16.24902133798302, 2.1505759480740907)
(16.16891660900063, 2.162827259565515)
(16.03305270592265, 2.217657114092842)
(16.052319725704038, 2.512421574335237)
(16.062005591626743, 3.842513478659037)
(16.05813124525766, 4.159503074491644)
(16.04256841474131, 4.26541932725725)
(16.066743812524066, 4.428456010950825)
(16.07559198193454, 5.007251944872616)
(16.234152224890863, 5.3042284474676284)
(16.293039671899322, 5.445341042755075)
(16.642804143773095, 6.049333317083907)
(17.174571271937737, 7.037527243344138)
(17.455854053936363, 7.592540449723279)
(17.962948402014113, 8.492043257750717)
(17.98412641696403, 8.566205577099447)
(17.967477198783378, 8.639255330767867)
(17.914008601088433, 8.661833869574178)
(17.784361976812193, 8.670276279736537)
(15.866167853876, 8.624726531883805)
(15.234727929763496, 8.600433333029015)
(14.897581261605252, 8.569098247868256)
(14.865068165724164, 8.533757926258376)
(14.826206900961301, 8.441127016616484)
(14.634753980891785, 8.124163598799882)
(14.548287994019615, 7.929674028873518)
(14.470486930445865, 7.794844157427829)
(14.388091625062836, 7.699268220985112)
(14.335081142648018, 7.541414784460988)
(13.98725384395879, 6.926807324641187)
(13.833405643883783, 6.617932913770849)
(13.662777335548089, 6.321008767207848)
(13.612855859022133, 6.2559171304056544)
(13.574583599619436, 6.11577312171048)
(13.326219672750012, 5.708953663948762)
(13.081468312089596, 5.240354088409774)
(13.01769866509577, 5.163757213572364)
(12.899518011830734, 5.114751967606664)
(12.75836614951928, 5.10435929525176)
(11.488208812844231, 5.0923435859044)
(10.700774091344122, 5.0676446278014975)
(9.336847101330864, 5.047251953331797)
(8.927030260736306, 5.03471268366429)
(8.634490931854534, 5.01052419687353)
(8.267841639656046, 4.52477802084975)
(8.196873038260208, 4.456728268238729)
(8.006977710143126, 4.203102560151832)
(7.604150399822523, 3.7306548162597686)
(7.507187028531421, 3.5621600162286704)
(7.415419993417769, 3.479463663661554)
(7.330145106273932, 3.350890338041613)
(7.162095332514958, 3.1629321831090746)
(6.995655506740431, 2.938586585926362)
(6.825131910468766, 2.759280265284241)
(6.637867472960419, 2.4740707808845164)
(6.567998348236889, 2.407709510305967)
(6.503207758618778, 2.3853273066197107)
(6.488914561878783, 2.61832473809284)
(6.482082099700874, 3.495235918305962)
(6.474804611250839, 7.261833573502837)
(6.567618767004784, 7.3052759910669804)
(6.685315126973682, 7.3103545261724)
(7.677357221586988, 7.3011005975138135)
(9.672305287456634, 7.309543007676173)
(9.812724165319885, 7.300380702073613)
(9.894033083038615, 7.27693828873906)
(10.184530526671816, 7.299438293497349)
(10.365512240338406, 7.28473933750924)
(10.330957259208745, 7.432501148862544)
(10.248208550609617, 7.576153011702699)
(10.145276591668843, 7.807854631383466)
(9.872357685784557, 8.306519658306858)
(9.619595852225899, 8.831703015445662)
(9.368679568795763, 9.300682172216757)
(8.80150667398122, 10.451873515146547)
(8.626558993004318, 10.773051593540327)
(8.598744850996543, 10.850590876954001)
(8.498391426632491, 10.997698237907121)
(8.086388721701324, 11.83316961878066)
(7.910734234292223, 12.144609475219717)
(7.810668768104252, 12.381860834294036)
(7.462239375046857, 13.010015417397623)
(7.299726251673428, 13.371455284410656)
(7.1223047481838355, 13.69165168720416)
(7.004477498134899, 13.964505148048431)
(6.772396297222024, 14.383065445989429)
(6.707841309747979, 14.544806317890643)
(6.623901501420516, 14.694269700284421)
(6.571126621149764, 14.75741107489407)
(6.529189439506041, 14.850552455848106)
(6.462173718527308, 14.93309174031918)
(6.421231301491864, 14.952803786372687)
(6.355367413217453, 14.922175507644127)
(None, None)
(6.514071635261815, 14.269361233461646)
(None, None)
(6.973129323966134, 12.698641005998585)
(7.0408518513770675, 12.423065031489552)
(7.0834958394529846, 12.323640926693761)
(7.219019428322868, 11.865682714661746)
(7.488652993198241, 10.870787216303645)
(7.58556400845733, 10.553692908407008)
(7.658954076333845, 10.38251486173516)
(7.834975055967045, 9.685381206452291)
(8.0469384515783, 9.030197821821147)
(8.08526306701301, 8.867069515071547)
(8.498168913496428, 7.5249488123923856)
(8.505236977818406, 7.474529953562292)
(8.48565582184493, 7.466035187367917)
(6.8198439512352875, 7.445249842658108)
(6.5046082824751705, 7.426022089900733)
(6.48031508362038, 7.491899067183147)
(6.46811612816097, 7.702121624729911)
(6.448626595243522, 10.447370896393288)
(6.453220837052806, 13.940434462329701)
(6.464058535679835, 14.277345528343877)
(6.480877910964537, 14.291141342779735)
(6.514071635261815, 14.269361233461646)
(None, None)
(6.756218283329503, 14.159740791431005)
(None, None)
(6.98534136843355, 13.70498938635989)
(7.013927761913541, 13.59996318613853)
(7.0905508147669565, 13.517698770835537)
(7.156048210817267, 13.32886365236675)
(7.322671282703843, 13.074544226855659)
(7.435930468959503, 12.834465642052551)
(7.45463466139673, 12.76885044493021)
(7.507409541667483, 12.698758807070618)
(7.541663475613058, 12.60733208616506)
(7.64538077503405, 12.429832048627445)
(7.772461953741574, 12.167423616170094)
(7.913692350101051, 11.931507335912148)
(7.961401784274387, 11.805224586692848)
(8.257501323333155, 11.237109283302043)
(8.342998723613054, 11.102894595232527)
(8.58231814595195, 10.58671647560024)
(8.653182035283761, 10.467946816975038)
(8.703247490897754, 10.41493633456022)
(8.724189903703609, 10.34506720983669)
(8.856127104380489, 10.092266109254025)
(8.899582610952635, 9.962946710177878)
(9.079203067786846, 9.62964821037271)
(9.256559126236422, 9.347658621941886)
(9.49925551264026, 8.88572135147676)
(9.594320977770835, 8.656833868516781)
(10.076637833697658, 7.746362471782278)
(10.23870593079896, 7.477880739611228)
(10.219517445065597, 7.45670272466131)
(10.14920329406994, 7.444320523089847)
(9.79614039217925, 7.435262929551316)
(9.419176961673879, 7.438914762784337)
(9.187213561833037, 7.46000115467823)
(9.026048606283986, 7.444412146145873)
(8.61976579785042, 7.4450796855540595)
(8.570302436604592, 7.520786507847222)
(8.505472579962472, 7.713731574829156)
(8.486231738197091, 7.843626890257465)
(8.329975160649411, 8.369006582516324)
(8.105420139338644, 9.20021094678067)
(7.565053532915597, 11.031690391692623)
(7.26352205553531, 12.123771774477891)
(7.176820466519073, 12.38081371365374)
(6.961545551882896, 13.152528536541459)
(6.809058608640274, 13.618444865439697)
(6.675223501802862, 14.14974078931621)
(6.680956487308465, 14.189191059439237)
(6.7116894781010545, 14.205683209523846)
(6.756218283329503, 14.159740791431005)
(None, None)
(6.358639665218368, 13.855421355345939)
(None, None)
(6.362409299523422, 13.664583618652594)
(6.378796737544001, 13.592960566856574)
(6.360890974594997, 13.291075686260188)
(6.395838625964766, 7.863286580278961)
(6.386296739130099, 7.518365041366546)
(6.375000925222941, 7.495799591568238)
(6.321178924311897, 7.455302200804916)
(6.261702471943272, 7.444333612097851)
(6.074150076258844, 7.457658222245576)
(4.897788570938016, 7.450786493043656)
(4.498364402698366, 7.467985449560462)
(4.521924617104951, 7.62996192360574)
(4.57278850220717, 7.753208022968192)
(4.585576463026745, 7.851519562083672)
(4.744961313487297, 8.433535391974363)
(4.811165515969804, 8.60964799466359)
(4.954477064601862, 9.205341837918105)
(5.1238488281692085, 9.7140461339803)
(5.167265067717344, 9.93268492367342)
(5.201937849919036, 9.990577606073604)
(5.218011151747529, 10.073300136656725)
(5.316139444750958, 10.362501768497566)
(5.419084492699733, 10.85552543297138)
(5.466911727945103, 10.989229649728752)
(5.6210347971881855, 11.633365911604807)
(5.689948424327449, 11.809949718582171)
(5.717081937919033, 11.940944510682785)
(5.882278307933211, 12.48239750477014)
(6.0142024196020865, 13.040002334734005)
(6.083233847813383, 13.204923835580104)
(6.119608201055552, 13.426560008106058)
(6.243286237682123, 13.843261666910537)
(6.277566349643706, 14.030211968226798)
(6.320472117879698, 14.12796067999812)
(6.343914531214252, 14.112293137417742)
(6.358639665218368, 13.855421355345939)
(None, None)
(6.11649301715068, 13.986311435382525)
(None, None)
(6.024896139141076, 13.598052190969996)
(5.892527001200076, 13.278039034288541)
(5.818901331179495, 12.833575589508303)
(5.645773022315101, 12.27061735527094)
(5.382867207553611, 11.320604065357381)
(5.290537345095802, 10.941703461667469)
(5.146231031855463, 10.492410172933878)
(5.126806943978035, 10.364792344898206)
(5.041702213938244, 10.014216354528207)
(4.925733603025828, 9.64911156527415)
(4.9002885714667155, 9.406676959030383)
(4.837932537337285, 9.258025095132831)
(4.460733504687847, 7.870472445672969)
(4.415733495171269, 7.6773964886109995)
(4.391911500604609, 7.499700115953328)
(4.288691583487756, 7.456859792757353)
(4.155471660026517, 7.4416765434731085)
(3.971531830551101, 7.4581686935577185)
(2.8733117030121162, 7.45863989784585)
(2.7493457082094643, 7.46307707155909)
(2.670706948123482, 7.482239379276447)
(2.6526964731104474, 7.511139908948526)
(2.6800394108300916, 7.541048292236885)
(2.719738372105189, 7.638823182024217)
(2.777644143513375, 7.7189017329906005)
(2.9837305745309823, 8.169176697324467)
(3.077434782829175, 8.301729081377518)
(3.316152110799903, 8.768915044052111)
(3.4432725565314364, 9.054203062499857)
(3.5212568662172368, 9.164818269138777)
(3.721021306369076, 9.518601066469667)
(3.8005370299913035, 9.754438812679592)
(3.942893081039096, 9.922004293142434)
(3.9905763371964253, 10.070616890015973)
(4.125510920706143, 10.30642845820989)
(4.474974345395827, 11.018261069480868)
(4.599136675318535, 11.231598810932503)
(4.664751872440876, 11.38713549303998)
(4.83784091428126, 11.714674829323535)
(4.906754541420524, 11.817868568424382)
(4.924869728497587, 11.893549212701538)
(5.040694360321963, 12.070813648095088)
(5.0950791885771665, 12.19946550776305)
(5.279673468452765, 12.51882421404432)
(5.747343724423493, 13.436389853116808)
(5.830589815326762, 13.624662144241434)
(5.917644807559096, 13.76437421567249)
(5.940917063789602, 13.830251192954902)
(6.020707656579906, 13.947947552923802)
(6.093587253144277, 14.0141255773903)
(6.114136995710022, 14.009989450861145)
(6.11649301715068, 13.986311435382525)
(None, None)
(17.75262113240332, 8.549464735862767)
(None, None)
(17.842608062428475, 8.549464735862767)
(17.786403862060762, 8.478365244386893)
(17.513380244112444, 7.9267813581047095)
(16.672633993013434, 6.366689405140618)
(16.568144442120225, 6.197801934869409)
(16.525827679244394, 6.08873123117492)
(16.43264703126635, 5.939830676125299)
(16.240369503692598, 5.540589753997699)
(16.081835438752286, 5.2668200625931725)
(16.034688831923106, 5.206859316928412)
(15.933026506758688, 5.175524231767652)
(15.764728041847645, 5.167592292917435)
(14.782149300020986, 5.143704853310757)
(14.45536912620164, 5.154071347649655)
(13.4674893361335, 5.126924745050068)
(13.252633269753442, 5.10264463520328)
(13.215643733135101, 5.113600134902343)
(13.195879331049577, 5.14095616162999)
(13.191821738568443, 5.1789142848406)
(13.232397663379784, 5.292919544552468)
(14.184806241758013, 7.043927768257926)
(14.335473812888127, 7.2855377669974635)
(14.75468856122931, 8.090852073430572)
(14.884976546897729, 8.29994897628902)
(14.924348282972735, 8.3921741266828)
(14.992149344431686, 8.469216027792335)
(15.057319515281904, 8.504530171386207)
(15.184335248949408, 8.515158445885177)
(15.953955830556541, 8.52028933702261)
(16.50769940315933, 8.54335216912506)
(16.77937485328327, 8.521480436750945)
(17.43919174674771, 8.562462120810402)
(17.75262113240332, 8.549464735862767)
(None, None)
(15.853078845872341, 5.0219770788767315)
(None, None)
(15.931612893894295, 4.999071314870329)
(15.833013396602734, 4.771715245846776)
(15.421298649847646, 4.037395718825513)
(15.236939972116112, 3.6581940679515146)
(14.784636211541683, 2.8185472935248086)
(14.517803694379092, 2.293311580353989)
(14.461913630203469, 2.2138613017717805)
(14.439465981477195, 2.199659728087811)
(14.330212031670657, 2.1907461136373194)
(13.455067867538027, 2.180497420370455)
(13.087646323867322, 2.1893586787889316)
(13.034531129388474, 2.1995157489997705)
(13.006311228132589, 2.219568109261376)
(12.997175100546032, 2.253678064118911)
(13.016599188423461, 2.4953011518664514)
(13.041363591566384, 3.2257332435106294)
(13.070813859574617, 3.553390380866218)
(13.050316473040887, 3.7100658066700136)
(13.065565167365152, 3.8433642641792742)
(13.091481403212393, 4.679490095452996)
(13.110931669105831, 4.920537266848376)
(13.143654189114978, 4.992526810868499)
(13.316533806827305, 5.006008489112268)
(14.923222628284421, 5.019542523388051)
(15.46645572746027, 5.038704831105408)
(15.853078845872341, 5.0219770788767315)
(None, None)
(12.250329392865268, 4.999071314870329)
(None, None)
(12.475682843664263, 4.992238852692418)
(12.691625297708622, 5.011558228505819)
(12.768981335010245, 5.006950897688531)
(12.892122722308667, 4.968861884397884)
(12.878641044064898, 4.87619170773198)
(12.837750983061468, 4.791819962140396)
(12.774033692099659, 4.7107990025977475)
(12.736900176393279, 4.609437724617415)
(12.685355662874871, 4.543102632054872)
(12.56536872650533, 4.331950754939849)
(12.535342542144939, 4.2232203654534555)
(12.464583364877157, 4.1371470488213955)
(12.438235191765793, 4.064594677457115)
(12.247462900112465, 3.713089367518859)
(11.968850275746584, 3.228665181303448)
(11.934570163785004, 3.1012044213638195)
(11.860303132372245, 3.0108902661385732)
(11.770159134251047, 2.821060383061511)
(11.690420897492757, 2.6996598338275763)
(11.605420879516997, 2.506452986685569)
(11.46258053517307, 2.2601309450647147)
(11.413326598055303, 2.215562872812256)
(11.346952238468747, 2.193769674486165)
(11.24900719157737, 2.1900393072051214)
(10.896179891830743, 2.209201614922478)
(10.609596061590633, 2.1980628691113644)
(9.888103762412957, 2.2091623478984674)
(9.442737176080463, 2.2356545000978727)
(9.441166495120026, 2.284136185743425)
(9.456873304724414, 2.3150524226480664)
(9.577697937606189, 2.4525917187505133)
(9.65028957599448, 2.596426827702719)
(9.85767181880445, 2.87318081293208)
(9.980067132646662, 3.079097086845639)
(10.596821189779064, 3.9546208322103737)
(10.79671652001094, 4.294476925025373)
(11.231507187876478, 4.925105330641653)
(11.30874542410607, 4.964856647948764)
(11.429334454843776, 4.9782205251205)
(11.915106808883563, 4.994372360997015)
(12.011782221998589, 5.013560846730378)
(12.250329392865268, 4.999071314870329)
(None, None)
(11.101768940544211, 4.951623660857066)
(None, None)
(11.106009779137398, 4.910262395565504)
(11.089282026908721, 4.876819980116156)
(10.832357888804902, 4.537068599365185)
(10.743287189340005, 4.366990029365643)
(10.368116952931135, 3.876374742364502)
(10.081232075506941, 3.4565578996551514)
(9.889739888413414, 3.1487044314090964)
(9.717410009037241, 2.9318195687884714)
(9.574006837349156, 2.701780253124168)
(9.469752888600016, 2.5977619065190924)
(9.439046075823432, 2.523154560898237)
(9.341153384964068, 2.38367809161125)
(9.320616731406329, 2.335471275133774)
(9.21989681481817, 2.2479450786133084)
(9.153980570511749, 2.21825920846101)
(9.022252793962926, 2.2012958540882686)
(7.4630770715590895, 2.2294503103041383)
(6.715302044310065, 2.20806287122616)
(6.648116166227284, 2.215994810076377)
(6.619726107867349, 2.2354712539858212)
(6.6175925995627525, 2.2822251905748905)
(6.643561191442012, 2.3230367175302984)
(6.935498425955615, 2.6586127047281014)
(7.463312673703156, 3.3857725443713647)
(7.804189709142442, 3.786963728691509)
(8.516532791725563, 4.7328016250518985)
(8.703208223873744, 4.95489591285798)
(9.891559260525922, 4.960641987371586)
(10.525250494015056, 4.980013719217001)
(11.101768940544211, 4.951623660857066)
(None, None)
(12.953863573061927, 4.634215216768341)
(None, None)
(12.971651534938898, 4.533495300180186)
(12.92293424714928, 3.2706416299711814)
(12.916232675051408, 2.2029319800887257)
(12.76540803582525, 2.1746859008168298)
(12.402253508763735, 2.1871204584203054)
(12.182188017198222, 2.166178045614452)
(11.726258601406775, 2.188769673428767)
(11.62013292451311, 2.2039005666809968)
(11.564818776689647, 2.2297120904642114)
(11.558038670543752, 2.267225187402697)
(11.667017751182215, 2.4193587274292234)
(11.94871938143696, 2.9496598866974573)
(12.079701084529571, 3.1474871536647564)
(12.582685484094172, 4.114162750766971)
(12.70542111214448, 4.27836435617287)
(12.78154678269376, 4.453442927229809)
(12.8904473292842, 4.637971762065391)
(12.921141053052779, 4.67184611477886)
(12.953863573061927, 4.634215216768341)
(None, None)
(15.925068389892465, 4.6113094527619385)
(None, None)
(15.955722846637036, 4.401139251247189)
(15.962084104526811, 4.250471680117073)
(15.95288253190024, 2.1832984680832377)
(15.896495085420478, 2.148324638697461)
(15.855290888224962, 2.1409686161994053)
(15.61159973721284, 2.1662042236304595)
(14.789937259783164, 2.1714921828639375)
(14.643981731534364, 2.1865707200841524)
(14.607293242100107, 2.2079450701541266)
(14.589609992287166, 2.2362304164500335)
(14.611887483909392, 2.3223299110981013)
(14.830748786738571, 2.6902357480649415)
(15.167908543904817, 3.3495290812092335)
(15.471049969269554, 3.875026574540126)
(15.813013392373144, 4.520511004240557)
(15.893981995883776, 4.62276233476514)
(15.925068389892465, 4.6113094527619385)
(None, None)
(None, None)
