(8.613455772115032, 2.003217152630548)
(8.519615918932136, 2.027158753602065)
(8.21600649161208, 2.127788295185477)
(8.051800776823836, 2.188764560159811)
(7.909703634182727, 2.2463740374975236)
(7.732722830751087, 2.3387549493712165)
(7.512871598079825, 2.4775975306302596)
(7.287521278935416, 2.636416385199912)
(7.094043216084339, 2.7887261170054343)
(6.969808752293073, 2.9080413299720815)
(6.8765300303829475, 3.031321870599636)
(6.775171018144939, 3.181648938574704)
(6.67672988852533, 3.341178559423199)
(6.592204814470417, 3.4920667586710366)
(6.532593968926491, 3.6164695618441343)
(6.461723089175648, 3.8231903227325796)
(6.427381855282127, 3.95782441944585)
(6.401719451740781, 4.13216790589547)
(6.379760514599718, 4.375642765150349)
(6.3640862477136775, 4.6434707216434425)
(6.357277854937402, 4.890873499807712)
(6.365302032138014, 5.13939854051752)
(6.364310700222784, 5.211447795941178)
(6.349646469627732, 5.368676778571319)
(6.320336712813382, 5.572778926853504)
(6.30862777358825, 5.738724148587336)
(6.300173395745182, 5.978402019563139)
(6.2818805162528815, 7.462669053542675)
(6.27163051833695, 7.884116048144419)
(6.266056614360769, 7.9535466909618195)
(6.227188921533571, 7.992133818152633)
(6.152633279758203, 8.029374230288798)
(6.054959029544715, 8.061115555951817)
(5.946735511403155, 8.083205423723195)
(5.721684462270887, 8.10046956254875)
(5.604632478771077, 8.127403863641707)
(5.013630317914014, 8.346207651270468)
(4.708318792399888, 8.475005982746929)
(4.423432445214588, 8.607844459387332)
(4.181528753523466, 8.734398265772713)
(4.005165194491873, 8.844342586484103)
(3.573486906349957, 9.146885864385897)
(3.4226548202293947, 9.261543687788556)
(3.324793526258317, 9.347022685007179)
(3.2118190966739695, 9.479561891635438)
(3.070788103451122, 9.663837401613087)
(2.9291959789555078, 9.861804514646325)
(2.8145381555528495, 10.035418530441344)
(2.710317373823712, 10.235779803571731)
(2.647021766255262, 10.340187629058459)
(2.5804903016805056, 10.438273375538646)
(2.513191957699631, 10.561011489269191)
(2.484368514655014, 10.623278356170895)
(2.388321545132559, 10.874983140759735)
(2.285784157221732, 11.1033635687771)
(2.2419972135699173, 11.224811080580276)
(2.1652718642065074, 11.354413700214373)
(2.144435189610983, 11.406019072933448)
(2.1281997914521718, 11.473785026308297)
(2.114096692129889, 11.568036375757892)
(2.0779598381635043, 11.880867060327132)
(2.0552340216163207, 12.019410371574033)
(2.0507823801856784, 12.11093088216281)
(2.041093513542519, 12.71616707297247)
(2.0178813832256024, 15.132903351665338)
(2.01195209611, 15.437466702149104)
(2.0, 15.738532334365937)
(2.003628648897245, 15.829978027451679)
(2.0206122220864153, 15.88764361791667)
(2.0545419597132373, 15.923537314998187)
(2.1090091019234403, 15.949667327933508)
(2.1552463187996835, 15.959206559570598)
(2.1766815334194964, 15.956400903206749)
(2.221235356477429, 15.93563904611426)
(2.259579326783374, 15.903691972317892)
(2.264161898844329, 15.888840697965248)
(2.2362923789634217, 15.812751297377641)
(2.229558803690184, 15.753458426221618)
(2.226753147326333, 15.661619941244938)
(2.2463740374975236, 14.892477305659177)
(2.252976682140449, 14.53471871051682)
(2.252621299001028, 14.264833272690236)
(2.2451956618247046, 14.069802746651163)
(2.2213101739804655, 13.867645853447911)
(2.214090284937493, 13.737800076928947)
(2.233692470732923, 13.44573124945219)
(2.2260049722959736, 13.128579854082618)
(2.2304005005993384, 12.810044334906882)
(2.241529604175943, 12.44661831390955)
(2.2571477579347046, 12.111809987823484)
(2.2750104367845485, 11.879127553381547)
(2.285503591585347, 11.801167715218043)
(2.3243338756610257, 11.62594512310775)
(2.3506509323539366, 11.535864849452414)
(2.4300510074508836, 11.30482840007727)
(2.4601276436713535, 11.200682435851167)
(2.468394977756831, 11.156446587181138)
(2.479580194460711, 11.129437468585143)
(2.518560113542462, 11.061503175828463)
(2.5718488800798487, 10.986835307798541)
(2.628897226144792, 10.889385510094163)
(2.6534934802678753, 10.838696651787277)
(2.764148567258107, 10.5783878543493)
(2.8789373212910796, 10.357320837253702)
(3.007978809652408, 10.143660752958667)
(3.142407158232327, 9.952333693319874)
(3.2733564929210726, 9.798265750193007)
(3.6779321405882013, 9.373227515445533)
(3.828502365448135, 9.232495792234833)
(3.970094489943752, 9.115556034989577)
(4.145148742672216, 9.002637718532505)
(4.391354440787907, 8.864244042291677)
(4.664831118760219, 8.723156935941555)
(4.921698311058538, 8.602158329156598)
(5.11807555215226, 8.524030151611262)
(5.476170826058278, 8.391453536231484)
(5.604669887522597, 8.357261937344035)
(5.6722862058913766, 8.344991866846133)
(5.795360998385583, 8.33008447936621)
(5.90010550263597, 8.310557111073816)
(5.939291169851071, 8.299278372491141)
(6.005224094401542, 8.270492338198043)
(6.045999633556154, 8.268808944379732)
(6.086906103341086, 8.27861003727745)
(6.160264665067876, 8.282612773689873)
(6.368444367265523, 8.268079473725132)
(6.434807492458448, 8.203867351744492)
(6.464472632412219, 7.994546682625543)
(6.47079471141876, 7.54876529516134)
(6.465594894957759, 6.160526526328501)
(6.467203471273033, 5.734309915908215)
(6.472852192752253, 5.45151845880792)
(6.483438869431846, 5.267149426951476)
(6.512187494973427, 5.051862061965408)
(6.52629059429571, 4.885879431480058)
(6.527843057483708, 4.8123151216199185)
(6.522194336004488, 4.681683761319077)
(6.524307930465256, 4.624167805860157)
(6.533491778962924, 4.569457506765088)
(6.5513170490612485, 4.509135894942317)
(6.606794227562439, 4.359257731985467)
(6.6282855553095255, 4.282270521361431)
(6.645175606619901, 4.19675411539129)
(6.658811096548212, 4.095638260038147)
(6.6705387401491025, 3.9718527012650986)
(6.701101690139306, 3.7262268387979343)
(6.752875402240213, 3.528633813279881)
(6.83753140692544, 3.3547205274727165)
(6.966741234668597, 3.180133884138227)
(7.152176415943304, 2.9805207860381993)
(7.364321445801862, 2.7855650775021616)
(7.591841472534315, 2.6144013349315687)
(7.831594161013152, 2.4689374046538397)
(8.080437176110859, 2.351081132996394)
(8.335228182699934, 2.2627403662866468)
(8.486509173838709, 2.2232367246836415)
(8.533531974496833, 2.21863544824693)
(8.573596747372605, 2.2227878196654274)
(8.658402387063903, 2.2461869937399337)
(8.70920347162534, 2.2526400033767886)
(8.774706195533355, 2.2540428315587144)
(9.086283686926745, 2.2327198431934545)
(9.258999892685331, 2.228230793011295)
(9.330039111818007, 2.2327198431934545)
(9.553930489653213, 2.2645920994867863)
(9.639858391890051, 2.269754507196271)
(9.788015752277076, 2.2921249406040314)
(9.956486064738375, 2.355570183178554)
(10.135281192618637, 2.4545911484466916)
(10.314412999262561, 2.5836887499352974)
(10.649034281591033, 2.8893743629646003)
(10.818308882209966, 3.023634372162691)
(10.900570726798042, 3.10574658174469)
(10.93513641320067, 3.1465221208993075)
(11.019380921619195, 3.2734126060483524)
(11.127080717239508, 3.467526617675233)
(11.246900948351648, 3.705745547341831)
(11.36750676324567, 3.9649507866100295)
(11.523127169560533, 4.332398248395547)
(11.630415468914148, 4.572674659395637)
(11.683386261063628, 4.683722538276807)
(11.808705578648917, 4.92861893008937)
(11.863097903356085, 5.044286789783014)
(11.904883478801686, 5.153445526712527)
(12.035776700363156, 5.452360155717075)
(12.063141202098569, 5.522052659795101)
(12.077936363323936, 5.572778926853504)
(12.081733351603011, 5.6099258171108755)
(12.069313646099037, 5.664598707454427)
(12.069481985480868, 5.687511567759198)
(12.077955067699694, 5.710424428063973)
(12.150041731874873, 5.7990083516585855)
(12.173534427828177, 5.836828599443283)
(12.213337339443322, 5.927282960613798)
(12.24403122006384, 6.026846352778942)
(12.265372912804855, 6.08107033810428)
(12.316585493632992, 6.188283819954856)
(12.390505186632552, 6.319046110886012)
(12.437696326672508, 6.431609044203663)
(12.47849057020288, 6.552925625376522)
(12.507164378241425, 6.6654885586941734)
(12.517994211805885, 6.751790548446191)
(12.517264741151283, 6.782091637175767)
(12.497569033477056, 6.798364444086097)
(12.432646145217575, 6.8022923629954875)
(11.912159480971933, 6.770869011720369)
(11.706037260107776, 6.76637996153821)
(11.638607985496588, 6.770869011720369)
(11.58745151779573, 6.779847112084688)
(11.505657282601629, 6.809643182668774)
(11.454388588646216, 6.861098920381777)
(11.426014050619814, 6.96148530508032)
(11.412902283212757, 7.138073316621021)
(11.401698362133118, 7.8261885964188025)
(11.398069713235873, 7.932504268232947)
(11.39515183061747, 7.938938573494043)
(11.374838878543198, 7.947991491361397)
(11.28595568493644, 7.958166671774292)
(11.116587562438712, 7.998530714662209)
(11.049289218457837, 8.009659818238813)
(10.887982681912236, 8.026306712664322)
(10.719400143196385, 8.035640196168062)
(10.627318501334836, 8.044393844023272)
(10.451235507939629, 8.070654787588907)
(9.969523014642393, 8.182675294009545)
(9.804849690460173, 8.22552701887341)
(9.64253311762359, 8.279152464174459)
(9.479318734750569, 8.344786118712783)
(9.311951980459057, 8.423662471288477)
(9.056356685712348, 8.561906512523233)
(8.88416420247501, 8.650004122348115)
(8.659636875863999, 8.749174722622323)
(8.591141451834545, 8.786845335400944)
(8.535327594569697, 8.82720937828886)
(8.490960815269354, 8.871052435067954)
(8.445939382817446, 8.930999959375544)
(8.425981813882593, 8.9459821643585)
(8.367324891502372, 8.979986719488357)
(8.291254195290527, 9.017432879757873)
(8.181721370845835, 9.085030493750892)
(7.936207734633226, 9.263058742225034)
(7.732012064472245, 9.405473859254048)
(7.5921594469222144, 9.516727486268568)
(7.4487155892264605, 9.665913587322336)
(7.307628482876336, 9.845513003360235)
(7.17484611936321, 10.04800657532715)
(6.916594803258723, 10.525454470951336)
(6.818770918039162, 10.681299329775308)
(6.76003917815591, 10.788101315359187)
(6.710285538636974, 10.897147826034146)
(6.538616777920887, 11.330079307351916)
(6.513721253785662, 11.404840697260632)
(6.479529654898214, 11.539998516495153)
(6.434395996191752, 11.867437318532172)
(6.424015067645507, 11.992700522990184)
(6.415317532917574, 12.257909866877016)
(6.402972644916634, 13.251710759704105)
(6.394649197703881, 15.994090220361128)
(6.446086231041125, 16.026822877939374)
(6.512112677470388, 16.041599334788984)
(6.686998590817023, 16.05300900400197)
(7.011706553993228, 16.06217414812388)
(7.527199149911215, 16.070217029700252)
(9.597249823911053, 16.09253134998074)
(10.489336321360708, 16.098722498356963)
(11.032848072165676, 16.096608903896197)
(11.309934694659475, 16.08596611408933)
(11.402745807175624, 16.066569676427246)
(11.425733484983432, 16.038363477782674)
(11.438508573626828, 16.002525893828437)
(11.440958846851254, 15.964892689801331)
(11.432972078402164, 15.931299630938172)
(11.414436042024997, 15.907582482475762)
(11.15427687959309, 15.896790057662821)
(10.488532033203073, 15.88745657415908)
(9.534590165118413, 15.880479842000975)
(6.927405932447423, 15.874644076764168)
(6.7227987660197455, 15.86469334886038)
(6.598545597852721, 15.843856674264856)
(6.535343512163063, 15.808655039086423)
(6.513889593167494, 15.755609429433903)
(6.513234940015927, 15.727160073904468)
(6.523148259168195, 15.630533268733483)
(6.558911025619401, 15.424616796002672)
(6.569273249789887, 15.32834537397111)
(6.575595328796428, 15.21333216742903)
(6.578101715148134, 15.071609112303102)
(6.575614033172187, 14.732423962289431)
(6.5812253458998855, 14.50987929950887)
(6.58823948680951, 14.44607867379493)
(6.608402803877713, 14.385439087584256)
(6.61403282098117, 14.353585535666683)
(6.610254537077853, 14.258679533065527)
(6.592242223221938, 14.12232463378243)
(6.585583465451735, 13.968088351273732)
(6.586855363003346, 13.887154517364547)
(6.605410103756272, 13.527974389664507)
(6.586369049233611, 11.79729590943593)
(6.707330247267054, 11.420702007904262)
(6.7561299636222785, 11.290463439494358)
(6.8031340599046395, 11.18345570577713)
(6.848566988623247, 11.098668770461591)
(6.913171902494826, 11.006774172357634)
(6.934476186484327, 10.969028742075976)
(6.9736057405721485, 10.879172920929749)
(7.042063755850083, 10.69805845045537)
(7.132985726414571, 10.507217704586314)
(7.2408538614167135, 10.300889735588804)
(7.34524298252768, 10.118465958811296)
(7.425727911418651, 9.999337789602237)
(7.46175253913048, 9.960152122387136)
(7.597097402122593, 9.831840104680408)
(8.05672002764845, 9.435644017353312)
(8.312240504892124, 9.223199717482611)
(8.436568490562184, 9.13397984511219)
(8.579638260742762, 9.045882235287309)
(8.757834848598737, 8.94880652509811)
(8.987543287294994, 8.832652351634732)
(9.282324249256803, 8.691677471539162)
(9.528847921760399, 8.583023752755143)
(9.738336930261179, 8.502538823864173)
(9.922013900214537, 8.446070313447757)
(10.252744672385143, 8.37733173253344)
(10.406756502384733, 8.339810754760888)
(10.534002370673198, 8.303430743909638)
(10.610559380654776, 8.289065783326727)
(10.702042482492036, 8.278853194162316)
(10.815634156476433, 8.271782940125414)
(11.180780980043593, 8.263066701021721)
(11.312478489762697, 8.278703559156243)
(11.375830210458423, 8.333170701366445)
(11.39305694053246, 8.445883269690167)
(11.382414150725593, 8.796047888274371)
(11.381591158192194, 9.068963434973913)
(11.388474368471508, 9.843287182644916)
(11.407234857357782, 11.037299713596319)
(11.413687866994637, 11.711611164083958)
(11.415090695176563, 12.331043976094701)
(11.411443341903555, 12.914452160393608)
(11.393898637441618, 13.890502600625407)
(11.392570626762726, 14.135904010583461)
(11.402914146557453, 14.27693500380631)
(11.42908156824429, 14.373636626480328)
(11.47522526324174, 14.486049924791907)
(11.572637652194604, 14.70829531756032)
(11.679925951548215, 14.937498738111085)
(11.789009870974693, 15.157050700770206)
(11.891809120146146, 15.35034171986369)
(12.065423135941169, 15.646469396880148)
(12.142073667801542, 15.789931958951666)
(12.195717817478346, 15.900661863444933)
(12.244536238209335, 15.978097979087185)
(12.267262054756516, 16.001665492543523)
(12.288865608758158, 16.015132643090002)
(12.432477805835747, 16.03797068589174)
(12.686408411139901, 16.05699303603864)
(12.99151418852068, 16.06950626342141)
(13.288651901828125, 16.072816937930753)
(13.651778652813313, 16.05568372973551)
(13.769279541331338, 16.05308382150501)
(13.890371669995094, 16.0573297148023)
(14.62016029898392, 16.12623663509845)
(15.064445336387406, 16.15017823606997)
(15.500650083462999, 16.160652686495006)
(15.876477105588549, 16.156537723828027)
(16.222040447736035, 16.1283128208077)
(16.333181848496004, 16.12283243871031)
(16.6331252181673, 16.121074227388966)
(17.148505587830734, 16.128406342686496)
(17.350063941009694, 16.11338672895202)
(17.439508265889224, 16.071657266633693)
(17.43400917941608, 15.994913212894524)
(17.135767907938856, 15.57082890131076)
(16.70870960060941, 14.938658409408143)
(16.485659919683357, 14.619318602074769)
(16.412918602356616, 14.511674919581734)
(16.36610154983184, 14.414692731271328)
(16.341393069454206, 14.313782624051534)
(16.334977468568866, 14.19435518483033)
(16.353232939309652, 13.766604815597805)
(16.356132117552296, 13.353462563833054)
(16.352297720521697, 12.886676162391497)
(16.342290879490637, 12.450527528443178)
(16.326672725731875, 12.129298579158146)
(16.314683220870354, 11.995487474978274)
(16.299214702117663, 11.881428191599904)
(16.277349286855397, 11.772082410912802)
(16.246169092465145, 11.652411814806731)
(16.20275623632851, 11.507378085171458)
(16.137496669305364, 11.307821100198709)
(16.083571953992173, 11.157194762211496)
(16.03492187264302, 11.041583015645129)
(15.98548620751199, 10.947069804934912)
(15.902064691626856, 10.816457149009828)
(15.872567891054917, 10.762625955575432)
(15.791259969630552, 10.583849532070928)
(15.708006793127252, 10.419269729767503)
(15.560672425273625, 10.175121512985301)
(15.38505704127239, 9.905946841437558)
(15.216960816326276, 9.666287674837516)
(15.092183925637999, 9.510685972898411)
(15.00195401697659, 9.430219748383202)
(14.868629226566453, 9.328206082993628)
(14.287072775467683, 8.914483995580348)
(14.173387579604492, 8.842378627029408)
(13.896862088383466, 8.684700739381057)
(13.745468870990136, 8.605861795556878)
(13.388570677132694, 8.430863655955692)
(13.08598999047938, 8.298960398103237)
(12.815730465137614, 8.20218395792618)
(12.555795755214818, 8.132566271351191)
(12.209615168667282, 8.069439003164572)
(12.06686337287461, 8.03887605317437)
(11.891902642024942, 7.98564339976426)
(11.809865249945977, 7.97913427700013)
(11.678467010239013, 7.985980078527923)
(11.653365737970436, 7.978909824491021)
(11.633988004684117, 7.963871506380787)
(11.603443759069673, 7.91712927135905)
(11.59530735561451, 7.892271155975343)
(11.59081830543235, 7.836494707462009)
(11.60550124040316, 7.687364719535518)
(11.643153148806027, 7.0605436790999745)
(11.654824679279642, 6.989766321227924)
(11.671321938699075, 6.947269979503481)
(11.719597932533052, 6.893064698553906)
(11.737460611382893, 6.880457949292338)
(11.753078765141657, 6.879747183013496)
(11.823818714262186, 6.932156843890211)
(11.865791333465381, 6.9453621331760615)
(11.932902633688666, 6.954190598534308)
(12.188329589053543, 6.964552822704795)
(12.400904819554556, 6.965600267747299)
(12.551194478778108, 6.956098444861728)
(12.648737798361282, 6.933915055211558)
(12.70307400994117, 6.896917799960258)
(12.723742345154864, 6.842974380271308)
(12.722807126366915, 6.811195645856768)
(12.715138332305724, 6.763817462059228)
(12.68408906854579, 6.640667852061983)
(12.58938881407798, 6.354584424828106)
(12.516741018630032, 6.118984107767766)
(12.42045089222271, 5.875378317882577)
(12.398286206948296, 5.810997856520105)
(12.362373805491021, 5.683134743831594)
(12.339909850204464, 5.574350094417261)
(12.321542153209128, 5.5079495604728175)
(12.27223741870841, 5.363925867128531)
(11.970030819570276, 4.658696083511268)
(11.804197824090998, 4.300245426465828)
(11.522322881402898, 3.7336524759742593)
(11.246957061478929, 3.1948168191090422)
(11.168997223315422, 3.05516994969236)
(11.104167856934737, 2.961984749661032)
(11.036869512953862, 2.892479289340593)
(10.834712619750611, 2.72862895769177)
(10.531178009933589, 2.4520473533434686)
(10.398713620808362, 2.34498350649896)
(10.347014726210492, 2.311820648278258)
(10.22083500734029, 2.2601778668076653)
(10.056030752527759, 2.1832467693109048)
(9.911988354807715, 2.1221208693304985)
(9.751560923922789, 2.075247703678452)
(9.565658133254104, 2.0411683310455553)
(9.345189656182797, 2.0184238101226155)
(8.949386360746637, 2.0021697075880436)
(8.727552464244917, 2.0)
(8.613455772115032, 2.003217152630548)
(None, None)
(12.272499279969034, 8.278535219774412)
(None, None)
(12.395424437457168, 8.303898353303612)
(12.5505585300023, 8.349013307634317)
(12.7499097668417, 8.417920227930466)
(13.005486357212654, 8.514659259356005)
(13.329296510352428, 8.643270547074874)
(13.50809163823269, 8.71855565950484)
(13.655912319856052, 8.785423802843262)
(13.783307823150587, 8.849486289817829)
(13.900827416044374, 8.916354433156247)
(14.019020366465483, 8.991639545586214)
(14.338902600695869, 9.207188771832907)
(14.4141128956228, 9.26502270167973)
(14.460368816874801, 9.31096064854383)
(14.524637051982717, 9.39498070445325)
(14.60622553904347, 9.479225212871777)
(14.901156136011352, 9.738711017776359)
(15.08621722977088, 9.94234555666457)
(15.268360440912003, 10.188850524792405)
(15.459032847399229, 10.494049824051977)
(15.669681527197065, 10.873767356335398)
(15.765560157337688, 11.062980821513422)
(15.84752273191362, 11.245572937672764)
(15.918487133543255, 11.42895063761398)
(15.98137124484501, 11.620520854137638)
(16.07842825065845, 11.983423152613721)
(16.103510818551264, 12.106161266344266)
(16.11804411851601, 12.226318176220069)
(16.125731616952958, 12.374307197225264)
(16.133886724783878, 12.723742345154864)
(16.14525898524535, 12.982536088156362)
(16.15257239616712, 13.0792751195819)
(16.16794739304101, 13.209177009228144)
(16.172866643865632, 13.316970326727247)
(16.17518598645975, 13.623796906677853)
(16.160671390870768, 14.345767106599421)
(16.22146061208751, 14.509430394490655)
(16.266388522660623, 14.618196339529229)
(16.314907673379466, 14.717984184203482)
(16.37229269820807, 14.818333160150509)
(16.443818231110477, 14.928782499007392)
(16.576862455884232, 15.11979158425828)
(16.659835066751146, 15.247579879443757)
(16.774231028893183, 15.448801553859058)
(16.913578628297714, 15.6713088078881)
(16.98613290186687, 15.806148652734716)
(17.01172048790518, 15.895892247626389)
(16.386919520051606, 15.91996477922822)
(16.158015369512988, 15.920039596731257)
(15.930832021544196, 15.913829743979267)
(15.57499997710502, 15.933282294768627)
(15.344861337766304, 15.930065142138078)
(15.069944422860548, 15.918206567906873)
(14.784814918790383, 15.899277739638768)
(14.358766647751924, 15.861382674351036)
(14.292403522558999, 15.861382674351036)
(14.234345140203068, 15.865871724533196)
(14.132742971080189, 15.882686958340535)
(14.014344272525733, 15.886128563480192)
(13.761685564773186, 15.865086140751318)
(13.613621726264958, 15.857436051065887)
(13.225356294259674, 15.845053754313433)
(12.6708089617569, 15.836019540821836)
(12.455895684286013, 15.82475950661492)
(12.335252460640474, 15.802052394443495)
(12.27521141445409, 15.761613534052541)
(12.242104669360662, 15.697158255187034)
(12.156906237778426, 15.435222177058025)
(12.091627966379521, 15.282332609603975)
(12.05169412413406, 15.19820032744)
(11.788841531592862, 14.685737840394971)
(11.718905870629968, 14.536720078723034)
(11.67163991308698, 14.422043550944615)
(11.643564645072724, 14.334076871750048)
(11.618107989664725, 14.131676821661928)
(11.599272683275418, 13.801226615127709)
(11.589191024741318, 13.421172404080627)
(11.589995312898953, 13.069960340453921)
(11.622035908574116, 12.457092764334588)
(11.631724775217277, 11.80084974083014)
(11.632772220259781, 11.023963493680153)
(11.625066017447073, 10.2930900108973)
(11.608493940524601, 9.77488528049426)
(11.58277542385598, 9.260514947121813)
(11.593885823056825, 8.674880942107581)
(11.601966113384712, 8.497095850518303)
(11.612178702549123, 8.385524249115882)
(11.624860269313725, 8.33231030008153)
(11.640310083690657, 8.310500997946537)
(11.660922305777076, 8.294751913557462)
(11.690175949464146, 8.283828558114209)
(11.78852355720496, 8.271521078864787)
(12.027565479404954, 8.260859584682159)
(12.10921007959298, 8.262262412864082)
(12.272499279969034, 8.278535219774412)
(None, None)
(10.027974188889262, 4.752760389203269)
(None, None)
(9.876001135847403, 4.860310549817509)
(9.744752531146512, 4.9469305139574296)
(9.607668161208816, 5.010095190895566)
(9.466768098616285, 5.049355675613702)
(9.324072415950887, 5.064263063093623)
(9.181601185794598, 5.054368448317113)
(9.126180120420688, 5.0426595090919815)
(8.978078873160939, 4.997469737258243)
(8.703105845127906, 4.892145397359323)
(8.601372745374718, 4.8605162979508565)
(8.517708072604721, 4.843364385379857)
(8.455815293218198, 4.841475243428196)
(8.419397873615425, 4.855634455877759)
(8.412159280196693, 4.882045034449465)
(8.432752797907348, 4.916535903349058)
(8.481515105511058, 4.959331515085646)
(8.558782881771478, 5.010656322168336)
(8.664892805452276, 5.070734777106237)
(8.757834848598737, 5.117626647134046)
(8.843931090217403, 5.155764869306643)
(8.928680616781428, 5.187057289951447)
(9.017582514763944, 5.213411755395873)
(9.116135870638104, 5.236736111967345)
(9.317750336944346, 5.273003896564044)
(9.477167731538284, 5.280541759994921)
(9.62064899798556, 5.2547484258232595)
(9.774455079851801, 5.191022617612354)
(9.964846920702644, 5.0847630589254855)
(10.105578643913343, 5.0007055942645495)
(10.1956963263202, 4.941450131860042)
(10.246310367124048, 4.8975696663294315)
(10.268531165525738, 4.859637192290183)
(10.273469120726112, 4.8182257043597625)
(10.258486915743156, 4.770342502416728)
(10.218702708503764, 4.737609844838482)
(10.161860110572169, 4.7222722567161)
(10.095702733512596, 4.72657426314067)
(10.027974188889262, 4.752760389203269)
(None, None)
(4.9964971097187725, 14.294330073262177)
(None, None)
(4.98239401039649, 14.322536271906745)
(4.972331056238149, 14.392041732227183)
(4.964175948407222, 14.539095534444426)
(4.939785442417492, 15.468104469642343)
(4.9406832524539235, 15.785218456260397)
(4.947529053981716, 15.86841551963642)
(4.959088358200777, 15.916934670355262)
(5.000930046773657, 15.976826081535574)
(5.05029089440165, 15.994857099767248)
(5.093928203047395, 15.97686349028709)
(5.118599274673512, 15.928681018331913)
(5.111061411242636, 15.856145449138518)
(5.103186869048097, 15.818755401996281)
(5.098772636368976, 15.686627691634719)
(5.12385520426179, 15.221375049005399)
(5.132702373995795, 14.971970902634919)
(5.135152647220226, 14.74512423342979)
(5.131093797680521, 14.559127920882313)
(5.120413599122135, 14.432274844484787)
(5.10460840160578, 14.362937723546182)
(5.08150849754342, 14.311332350827106)
(5.053919543298896, 14.280601061455071)
(5.024647195236067, 14.273886190557592)
(4.9964971097187725, 14.294330073262177)
(None, None)
(3.652120102040784, 14.303682261141676)
(None, None)
(3.634575397578844, 15.074321246788157)
(3.6185270431776226, 15.592731725324548)
(3.6099978478315213, 15.733706605420116)
(3.593743745296951, 15.848701107586436)
(3.592864639636278, 15.877487141879534)
(3.598494656739737, 15.90111076846315)
(3.611082701625543, 15.922602096210237)
(3.631077679311911, 15.94499123399376)
(3.664464990041722, 15.97186942195944)
(3.698974563317074, 15.987749436978827)
(3.7329230053196567, 15.992294600288265)
(3.764626922231157, 15.985168233124087)
(3.7924029202332696, 15.966033656722631)
(3.80340109317956, 15.931467970320004)
(3.8113691572528943, 15.848308315695498)
(3.819561673835335, 15.507926085633251)
(3.819823535095961, 14.901586336653809)
(3.8164941562108594, 14.686803989813233)
(3.8083390483799358, 14.556976917670028)
(3.7932259127666654, 14.47686607629424)
(3.7690224505345222, 14.411232421755914)
(3.740255120617183, 14.35380998817579)
(3.711712243208953, 14.312099230233226)
(3.6858627959100163, 14.288344673019296)
(3.665175756320564, 14.284790841625087)
(3.652120102040784, 14.303682261141676)
(None, None)
(None, None)
