(14.135962518757749, 9.935314203679628)
(13.95056963268202, 9.984483727930769)
(13.753492482957201, 10.040207839107007)
(13.552983869157911, 10.09988432415255)
(13.357296590858764, 10.160910970011603)
(13.174683447634376, 10.22068556362837)
(13.174683447634381, 10.220685563628367)
(13.07682715559368, 10.267244699109444)
(12.983614669257571, 10.32995904598538)
(12.886888961704305, 10.397186387137616)
(12.778493006012123, 10.457284505447582)
(12.650269775259277, 10.498611183796719)
(12.650269775259277, 10.498611183796724)
(12.302367438026055, 10.514653103151007)
(11.987165621949087, 10.42765766353662)
(11.720242566587702, 10.249467971051304)
(11.517176511501235, 9.991927131792794)
(11.393545696249012, 9.666878251858826)
(11.393545696249006, 9.666878251858815)
(11.377663397982825, 9.438951017640548)
(11.396889952704608, 9.17947720593709)
(11.438097499217259, 8.908849384052825)
(11.488158176323681, 8.64746011929214)
(11.533944122826773, 8.415701978959419)
(11.533944122826787, 8.415701978959419)
(11.608333389678362, 8.023666746784272)
(11.68272265652994, 7.631631514609127)
(11.757111923381515, 7.239596282433984)
(11.831501190233093, 6.847561050258839)
(11.905890457084668, 6.455525818083694)
(11.905890457084668, 6.455525818083694)
(12.103575334903455, 5.633460084288878)
(12.368452904418769, 5.069854373628209)
(12.74513920635383, 4.68287212219082)
(13.278250281431877, 4.390676766065843)
(14.012402170376127, 4.111431741342415)
(14.012402170376125, 4.111431741342417)
(14.335829533646814, 3.999074068107485)
(14.659256896917501, 3.8867163948725505)
(14.98268426018819, 3.774358721637618)
(15.306111623458877, 3.6620010484026855)
(15.629538986729566, 3.549643375167752)
(15.629538986729566, 3.549643375167752)
(15.982331958374353, 3.4295787286155672)
(16.31042960109108, 3.295437838011123)
(16.59199808594571, 3.114188481790693)
(16.805203584004225, 2.8527984383905514)
(16.92821226633258, 2.478235486246974)
(16.928212266332576, 2.4782354862469766)
(16.942131225215093, 2.3549213047287836)
(16.956673874300392, 2.2350509676523833)
(16.989270836409244, 2.1290141727103826)
(17.057352734362414, 2.047200617595386)
(17.17835019098068, 2.0)
(17.178350190980687, 2.0000000000000036)
(17.341466980912422, 2.0534567520177083)
(17.42638656774202, 2.1660393352589744)
(17.453394066529206, 2.316005255197744)
(17.442774592333677, 2.4816120173079574)
(17.414813260215155, 2.6411171270635565)
(17.41481326021515, 2.6411171270635565)
(17.223383971771064, 3.1499731938248656)
(16.915259209692934, 3.50861569436901)
(16.5194113694305, 3.760104947789811)
(16.06481284643352, 3.947501273181087)
(15.58043603615173, 4.11386498963666)
(15.580436036151754, 4.11386498963666)
(15.26078507423373, 4.224207933283961)
(14.941134112315707, 4.33455087693126)
(14.621483150397681, 4.444893820578562)
(14.301832188479658, 4.555236764225861)
(13.982181226561634, 4.665579707873162)
(13.982181226561634, 4.665579707873162)
(13.526475088941119, 4.836877662549732)
(13.150531219725597, 5.032242584114857)
(12.852576656877945, 5.291754159831844)
(12.630838438361057, 5.655492076963996)
(12.483543602137805, 6.16353602277462)
(12.483543602137795, 6.1635360227746165)
(12.410093374467932, 6.559731136233597)
(12.336566061492109, 6.956697102752194)
(12.26192685137575, 7.353417797842731)
(12.185140932284277, 7.748877097017531)
(12.105173492383118, 8.14205887578892)
(12.105173492383113, 8.142058875788926)
(12.291387843082978, 8.210157514490366)
(12.495628475786042, 8.292778557651292)
(12.706442382761104, 8.382077991410533)
(12.91237655627696, 8.470211801906895)
(13.101977988602405, 8.549335975279202)
(13.10197798860242, 8.549335975279206)
(13.175777046747745, 8.401888136403208)
(13.287730995425694, 8.328612713290807)
(13.415319245703675, 8.329061209616405)
(13.536021208649084, 8.402785129054408)
(13.627316295329324, 8.549335975279218)
(13.627316295329337, 8.549335975279206)
(13.610114592508086, 8.74975971737799)
(13.577217854209383, 8.965109977812979)
(13.534701804094016, 9.184921842320287)
(13.488642165822778, 9.398730396636042)
(13.445114663056462, 9.596070726496365)
(13.44511466305647, 9.596070726496365)
(13.983030332886393, 9.438168095669393)
(14.31708106354988, 9.335904704318159)
(14.504697743906684, 9.373511432675059)
(14.603311262816558, 9.635219160972493)
(14.67035250913925, 10.205258769442864)
(14.670352509139246, 10.20525876944287)
(14.722141376514172, 10.707611250163328)
(14.779288840612608, 11.209669405170112)
(14.835672459406519, 11.711828004666485)
(14.885169790867858, 12.214481818855697)
(14.921658392968586, 12.718025617941013)
(14.921658392968592, 12.718025617941024)
(14.892549735614367, 12.882819597257013)
(14.797350940030704, 12.95871319553402)
(14.660430306574913, 12.971885049860278)
(14.506156135604316, 12.948513797324011)
(14.358896727476223, 12.914778075013452)
(14.358896727476228, 12.914778075013459)
(13.49463613234089, 12.730778174921216)
(12.622853880078388, 12.594456704525404)
(11.753115556383053, 12.556622224128159)
(10.894986746949202, 12.668083294031627)
(10.05803303747117, 12.979648474537948)
(10.05803303747117, 12.979648474537957)
(9.64663537798949, 13.233633267409331)
(9.26962477272177, 13.548529467500543)
(8.941392814699203, 13.915719871972431)
(8.676331096952982, 14.326587277985828)
(8.488831212514302, 14.77251448270158)
(8.488831212514299, 14.77251448270158)
(9.245295404337163, 14.40325056136327)
(10.018744058573564, 14.175613370341678)
(10.805115013191163, 14.10262565450758)
(11.600346106157621, 14.197310158731767)
(12.400375175440603, 14.472689627885021)
(12.400375175440592, 14.47268962788504)
(13.06700734411757, 14.778485868675514)
(13.608083900811645, 14.982443076617265)
(14.113946488191447, 15.124792773667162)
(14.674936748925601, 15.245766481782075)
(15.38139632568274, 15.385595722918863)
(15.381396325682735, 15.385595722918874)
(15.618744707976578, 15.446982489525473)
(15.84436444417245, 15.52697951772589)
(16.063730926911983, 15.617205532435575)
(16.282319548836814, 15.709279258569975)
(16.505605702588575, 15.79481942104454)
(16.505605702588568, 15.794819421044545)
(16.89014224750045, 15.60118307906765)
(17.10693415888481, 15.31244916463613)
(17.19846945583666, 14.960080162174132)
(17.207236157451014, 14.575538556105794)
(17.175722282822893, 14.190286830855268)
(17.175722282822903, 14.190286830855278)
(17.161161725030155, 14.032203555674943)
(17.14660116723741, 13.874120280494608)
(17.132040609444665, 13.716037005314274)
(17.117480051651917, 13.557953730133939)
(17.102919493859172, 13.399870454953604)
(17.102919493859172, 13.399870454953604)
(17.074148376708322, 13.04853392840782)
(17.046788154248407, 12.696573711659257)
(17.02140879055987, 12.344323841033745)
(16.99858024972315, 11.992118352857121)
(16.978872495818695, 11.64029128345522)
(16.9788724958187, 11.640291283455218)
(16.966988900469346, 11.054771154677011)
(16.94380179616399, 10.458477770411083)
(16.928619884086824, 9.85870620370343)
(16.940751865422047, 9.262751527600063)
(16.999506441353866, 8.677908815146974)
(16.999506441353873, 8.67790881514697)
(16.65978176498794, 8.421051232009479)
(16.353248152634382, 8.188101773311896)
(16.050926201088366, 7.968829116626591)
(15.723836507145046, 7.753001939525934)
(15.342999667599598, 7.530388919582293)
(15.342999667599592, 7.530388919582293)
(15.27454441202815, 7.488010299330588)
(15.226941899678504, 7.446080175404478)
(15.194193492195817, 7.398997015570753)
(15.170300551225267, 7.341159287596207)
(15.149264438412018, 7.266965459247626)
(15.149264438412018, 7.266965459247621)
(15.175251140874801, 7.190819581787466)
(15.216454015550726, 7.116841436567684)
(15.272485299991628, 7.056764341522977)
(15.342957231749335, 7.022321614588045)
(15.427482048375673, 7.025246573697586)
(15.427482048375685, 7.025246573697589)
(15.800189113380277, 7.193902604706202)
(16.2893744116112, 7.494963160336488)
(16.798784091024416, 7.857491071756881)
(17.23216429957587, 8.21054917013581)
(17.493261185221517, 8.483200286641704)
(17.493261185221527, 8.483200286641699)
(17.495003391000203, 8.602937904623138)
(17.490286782506644, 8.72940530340686)
(17.481891102592197, 8.858353447491531)
(17.472596094108198, 8.985533301375812)
(17.465181499905988, 9.106695829558362)
(17.465181499905967, 9.106695829558351)
(17.442067587709303, 9.984802970106974)
(17.452497463197737, 10.86336795065464)
(17.49068972842416, 11.741832486712719)
(17.55086298544145, 12.619638293792583)
(17.62723583630249, 13.496227087405599)
(17.627235836302507, 13.4962270874056)
(17.642107849876915, 13.645492270767601)
(17.656979863451326, 13.794757454129602)
(17.671851877025734, 13.944022637491601)
(17.686723890600142, 14.093287820853602)
(17.701595904174553, 14.242553004215603)
(17.701595904174553, 14.242553004215603)
(17.732048103906926, 14.70671516630827)
(17.705700112737414, 15.103915892622297)
(17.599377284591924, 15.456215596172875)
(17.389904973396373, 15.785674689975195)
(17.054108533076658, 16.114353587044448)
(17.054108533076672, 16.114353587044448)
(17.374355154177128, 16.332910284751655)
(17.752614307809587, 16.63481488555025)
(18.12377226962013, 16.976282935654034)
(18.422715315254834, 17.313529981276837)
(18.584329720359772, 17.60277156863246)
(18.58432972035978, 17.60277156863247)
(18.595214321289447, 17.688132644032578)
(18.58027067288525, 17.768406089239225)
(18.54159642983669, 17.83820060467182)
(18.481289246833278, 17.892124890749777)
(18.401446778564495, 17.924787647892504)
(18.401446778564527, 17.9247876478925)
(18.261485558040253, 17.919357805658933)
(18.145684741139036, 17.849708895804266)
(18.047393968282915, 17.741180960724606)
(17.95996287989393, 17.619114042816054)
(17.87674111639412, 17.508848184474715)
(17.876741116394115, 17.508848184474715)
(17.689159474812747, 17.30111691109866)
(17.496721458955804, 17.106747090755952)
(17.295493382300876, 16.924874433652477)
(17.081541558325554, 16.75463464999411)
(16.850932300507452, 16.59516344998675)
(16.850932300507438, 16.595163449986728)
(16.234059864787852, 16.244802558677)
(15.699229553795025, 16.01268351895728)
(15.180514743584897, 15.875666723528905)
(14.611988810213402, 15.810612565093223)
(13.927725129736476, 15.794381436351582)
(13.927725129736492, 15.794381436351582)
(12.749848028452849, 15.794459300296996)
(11.571970927169207, 15.794537164242412)
(10.394093825885564, 15.794615028187831)
(9.21621672460192, 15.794692892133247)
(8.03833962331828, 15.794770756078663)
(8.03833962331828, 15.794770756078663)
(7.179930503680933, 15.817104471542264)
(6.706632564872638, 15.815415602566196)
(6.432319831771573, 15.686844319977343)
(6.1708663292559205, 15.328530794602583)
(5.736146082203863, 14.637615197268799)
(5.736146082203854, 14.637615197268786)
(5.306161909631706, 13.970905164646393)
(4.8761777370595585, 13.304195132023999)
(4.446193564487411, 12.637485099401601)
(4.016209391915263, 11.970775066779208)
(3.586225219343115, 11.304065034156816)
(3.586225219343115, 11.304065034156816)
(3.2749127073396638, 10.825021904136015)
(2.96170810146261, 10.347036945133418)
(2.6497088294605917, 9.868295148581378)
(2.342012319082248, 9.386981505912257)
(2.041715998076218, 8.90128100855841)
(2.041715998076217, 8.901281008558414)
(2.011206568343962, 8.831705680132167)
(2.0, 8.757727145592657)
(2.010209131203186, 8.685862617171189)
(2.0439468001123773, 8.622629307099054)
(2.103325844886431, 8.574544427607552)
(2.103325844886433, 8.574544427607556)
(2.4313482710318866, 8.404644909390655)
(2.7612961946835273, 8.237849826677477)
(3.092331721924735, 8.072918806817555)
(3.42361695883889, 7.908611477160413)
(3.7543140115093756, 7.743687465055577)
(3.7543140115093747, 7.743687465055575)
(3.8522364879036806, 7.697898793314386)
(3.945094693288147, 7.668071451743974)
(4.031982291338132, 7.666511058277841)
(4.111992945729, 7.705523230849495)
(4.184220320136107, 7.79741358739244)
(4.184220320136107, 7.797413587392446)
(4.339786253961151, 8.076754384768735)
(4.495700239622202, 8.358466139282932)
(4.6494371493694295, 8.64209334685436)
(4.798471855452999, 8.927180503402331)
(4.940279230123078, 9.213272104846165)
(4.940279230123078, 9.213272104846164)
(5.292171315919404, 9.204866302618806)
(5.768623912476219, 9.267154733713319)
(6.254485588197074, 9.397460435686309)
(6.634604911485518, 9.593106446094382)
(6.7938304507451, 9.851415802494145)
(6.793830450745104, 9.851415802494152)
(6.756831450482173, 10.045119496783833)
(6.647862805471461, 10.11679247989958)
(6.498786442177093, 10.103351605641912)
(6.341464287063197, 10.041713727811342)
(6.207758266593898, 9.968795700208394)
(6.2077582665939, 9.968795700208403)
(6.010707979930252, 9.863690274849493)
(5.816577591219694, 9.7860155388211)
(5.619282033127988, 9.73404992029008)
(5.412736238320889, 9.706071847423292)
(5.190855139464159, 9.700359748387594)
(5.190855139464152, 9.70035974838759)
(5.26198696815926, 9.834053699945347)
(5.340518986226681, 9.971295911495702)
(5.422475460613486, 10.110775932837306)
(5.503880658266748, 10.251183313768813)
(5.58075884613354, 10.39120760408887)
(5.580758846133541, 10.39120760408887)
(5.850440621081004, 10.898082422759073)
(6.12012239602847, 11.404957241429278)
(6.389804170975933, 11.911832060099485)
(6.659485945923398, 12.418706878769688)
(6.929167720870862, 12.925581697439894)
(6.929167720870862, 12.925581697439894)
(7.129068995895908, 13.294010527963616)
(7.329584617450284, 13.662100650324778)
(7.529168207578034, 14.03066963595025)
(7.726273388323202, 14.400535056266891)
(7.919353781729827, 14.772514482701569)
(7.9193537817298285, 14.77251448270158)
(8.732158767176621, 13.324342427900325)
(9.87388908907991, 12.469376841248993)
(11.254733358239344, 12.099581498483225)
(12.784880185454579, 12.106920175338665)
(14.374518181525268, 12.383356647550949)
(14.374518181525264, 12.383356647550936)
(14.359285657883582, 11.95209939947124)
(14.317105980012414, 11.440229608702614)
(14.258686997685338, 10.899184197586704)
(14.194736560675924, 10.380400088465162)
(14.135962518757754, 9.935314203679631)
(None, None)
(3.8330052613451704, 8.295986162882695)
(None, None)
(3.6015748114267314, 8.403497194835225)
(3.3549882223970613, 8.517212425958482)
(3.1048472999870533, 8.634961788093726)
(2.862753849927598, 8.754575213082225)
(2.640309677949592, 8.87388263276524)
(2.6403096779495927, 8.873882632765245)
(2.857971057080437, 9.252563808981861)
(3.104018048968376, 9.636381669677556)
(3.363905590745802, 10.02060364424996)
(3.623088619545107, 10.400497162096702)
(3.8670220724986812, 10.771329652615414)
(3.8670220724986786, 10.771329652615401)
(4.2437083744337425, 11.354744729629294)
(4.620394676368806, 11.938159806643187)
(4.997080978303872, 12.521574883657076)
(5.373767280238935, 13.104989960670967)
(5.750453582174, 13.68840503768486)
(5.750453582174, 13.68840503768486)
(5.929172749488144, 13.968471137712694)
(6.107109384150861, 14.251989725080264)
(6.285653357587819, 14.535849356528754)
(6.466194541224692, 14.81693858879935)
(6.650122806487149, 15.09214597863324)
(6.650122806487153, 15.09214597863325)
(6.674586490177602, 15.12809225835416)
(6.699148282439274, 15.1643912617478)
(6.723182157151028, 15.201127081875224)
(6.746062088191719, 15.238383811797483)
(6.7671620494402065, 15.276245544575618)
(6.767162049440208, 15.276245544575623)
(6.936360402828641, 15.276245544575623)
(7.105558756217075, 15.276245544575623)
(7.274757109605509, 15.276245544575623)
(7.443955462993942, 15.276245544575623)
(7.6131538163823755, 15.276245544575623)
(7.6131538163823755, 15.276245544575623)
(7.441020381571496, 14.973724261329338)
(7.274320292871726, 14.671644466653563)
(7.110708288247148, 14.369326408304813)
(6.947839105661833, 14.066090334039611)
(6.783367483079864, 13.761256491614484)
(6.783367483079862, 13.761256491614475)
(6.270954591291961, 12.802799988512428)
(5.758541699504061, 11.84434348541038)
(5.24612880771616, 10.88588698230833)
(4.7337159159282605, 9.927430479206283)
(4.22130302414036, 8.968973976104234)
(4.22130302414036, 8.968973976104234)
(4.169240464997297, 8.87078870889415)
(4.079121123892829, 8.702404423055038)
(3.9762032860803735, 8.515813989498813)
(3.8857452368133467, 8.363010279137395)
(3.8330052613451655, 8.295986162882695)
(None, None)
(11.999521851447112, 8.67790881514697)
(None, None)
(11.970917363139453, 8.832072029995349)
(11.936933254843023, 9.003768648072445)
(11.905236010623453, 9.180690715526396)
(11.88349211454638, 9.350530278505326)
(11.879368050677437, 9.500979383157372)
(11.879368050677426, 9.500979383157375)
(11.946650285911181, 9.719550096374757)
(12.101225790350535, 9.88848721622632)
(12.309854445697502, 9.987426206428028)
(12.539296133654101, 9.996002530695844)
(12.756310735922348, 9.893851652745731)
(12.756310735922355, 9.893851652745738)
(12.854864688913983, 9.755332083170838)
(12.915153963209947, 9.594880576090684)
(12.951413645311153, 9.421994975567086)
(12.977878821718509, 9.246173125661862)
(13.008784578932923, 9.076912870436821)
(13.008784578932937, 9.076912870436825)
(12.827455412168458, 9.0039563001809)
(12.605436883448066, 8.907780701401995)
(12.373156665361334, 8.80818298222207)
(12.16104243049783, 8.724960050763077)
(11.99952185144712, 8.677908815146974)
(None, None)
(10.672282236869698, 14.63172673639672)
(None, None)
(10.265118040100273, 14.671356370055522)
(9.839908873980745, 14.759752971367663)
(9.417806479283307, 14.892786636668294)
(9.019962596780143, 15.066327462292561)
(8.667528967243449, 15.276245544575614)
(8.667528967243456, 15.276245544575623)
(9.10240883538362, 15.276245544575623)
(9.537288703523783, 15.276245544575623)
(9.972168571663946, 15.276245544575623)
(10.407048439804111, 15.276245544575623)
(10.841928307944274, 15.276245544575623)
(10.841928307944274, 15.276245544575623)
(11.238742439769311, 15.276245544575623)
(11.635556571594346, 15.276245544575623)
(12.032370703419383, 15.276245544575623)
(12.42918483524442, 15.276245544575623)
(12.825998967069456, 15.276245544575623)
(12.825998967069456, 15.276245544575623)
(12.419147394040875, 15.070349913712747)
(12.004057036947854, 14.884321268522699)
(11.57702079334915, 14.736788557946204)
(11.134331560803512, 14.646380730923978)
(10.672282236869703, 14.63172673639674)
(None, None)
(16.45971463975916, 5.314040378288739)
(None, None)
(16.173915806750088, 5.407368881903517)
(15.889231206799915, 5.506319941016765)
(15.605139930113808, 5.608001688695744)
(15.321121066896936, 5.709522258007713)
(15.036653707354468, 5.807989782019929)
(15.036653707354484, 5.807989782019929)
(14.722790372499214, 5.945094174386897)
(14.537872067170797, 6.1066766552742155)
(14.472452337511394, 6.303655307108081)
(14.517084729663164, 6.546948212314692)
(14.66232278976827, 6.8474734533202435)
(14.662322789768245, 6.847473453320246)
(14.69160780895884, 7.031288037222398)
(14.59522275616677, 7.171229402440589)
(14.422668077411195, 7.212854299700669)
(14.223444218711272, 7.101719479728491)
(14.047051626086157, 6.783381693249903)
(14.047051626086136, 6.783381693249903)
(13.968795635705211, 6.206674984453307)
(14.151795762738317, 5.791884792869862)
(14.515972053883159, 5.498765581032529)
(14.981244555837458, 5.287071811474267)
(15.46753331529892, 5.116557946728035)
(15.467533315298912, 5.116557946728033)
(15.620681962938523, 5.062578766568562)
(15.773830610578134, 5.0085995864090895)
(15.926979258217747, 4.954620406249619)
(16.08012790585736, 4.900641226090146)
(16.23327655349697, 4.8466620459306755)
(16.23327655349697, 4.8466620459306755)
(16.61072553277738, 4.711904862198265)
(16.893999627356344, 4.5795536743792)
(17.103734340047946, 4.406277196849615)
(17.260565173666265, 4.148744143985642)
(17.38512763102539, 3.7636232301634145)
(17.385127631025394, 3.7636232301634216)
(17.404396621597435, 3.7182145344758624)
(17.434957441533662, 3.682322370197016)
(17.473782740636317, 3.654379336105664)
(17.517845168707638, 3.6328180309805864)
(17.564117375549856, 3.6160710536005647)
(17.56411737554986, 3.6160710536005674)
(17.691919362358007, 3.633639495604724)
(17.789471206372134, 3.696725642820022)
(17.86615161981757, 3.791468155683549)
(17.931339314919633, 3.904005694632392)
(17.994413003903666, 4.02047692010364)
(17.994413003903674, 4.02047692010364)
(18.263753734770216, 4.674221048535402)
(18.363516136194693, 5.364291043421977)
(18.305073794683988, 6.060357340745018)
(18.099800296744977, 6.73209037648618)
(17.75906922888454, 7.349160586627122)
(17.759069228884556, 7.349160586627126)
(17.703300345939702, 7.434796911074281)
(17.64008689117365, 7.526282375101068)
(17.566142227450392, 7.60393453058529)
(17.478179717633942, 7.648070929404758)
(17.37291272458829, 7.6390091234372735)
(17.3729127245883, 7.63900912343727)
(17.21055043628764, 7.525390443606329)
(17.18759341994098, 7.375240336504681)
(17.252333786676633, 7.210250140046244)
(17.3530636476229, 7.052111192144941)
(17.438075113908084, 6.922514830714691)
(17.43807511390811, 6.922514830714679)
(17.651789842169634, 6.458945213246627)
(17.797270059144978, 5.973238097457421)
(17.856410061606603, 5.476531142099331)
(17.81110414632699, 4.979962005924627)
(17.643246610078613, 4.494668347685579)
(17.64324661007862, 4.494668347685582)
(17.458818068966867, 4.769895982145284)
(17.25646135442313, 4.961988282084584)
(17.027965713403333, 5.098403967854351)
(16.765120392863366, 5.206601759805447)
(16.459714639759156, 5.314040378288741)
(None, None)
(9.786677187697265, 11.378279107131204)
(None, None)
(9.377137361953206, 11.578280048006384)
(8.8905776359617, 11.804242385562082)
(8.381303439813507, 11.96225986570854)
(7.903620203599398, 11.958426234355994)
(7.511833357410131, 11.69883523741468)
(7.511833357410126, 11.69883523741469)
(7.342445405314605, 11.49988429184344)
(7.166418773232937, 11.337006933543858)
(6.972057517924221, 11.215489345770216)
(6.747665696147558, 11.140617711776791)
(6.481547364662045, 11.117678214817857)
(6.481547364662045, 11.117678214817854)
(6.287711690984885, 11.070969580561577)
(6.186102746094869, 10.954265152573807)
(6.1790611201911965, 10.810580867499478)
(6.268927403473061, 10.682932661983523)
(6.458042186139663, 10.614336472670875)
(6.458042186139664, 10.614336472670889)
(7.036506284184295, 10.686386317282448)
(7.422369241406333, 10.894505742426402)
(7.695853502128176, 11.152279784201433)
(7.937181510672222, 11.373293478706234)
(8.226575711360866, 11.471131862039492)
(8.226575711360864, 11.471131862039492)
(8.494278574135587, 11.401044578172137)
(8.854616951410886, 11.230290892474025)
(9.242248198833316, 11.031272594589996)
(9.591829672049432, 10.876391474164885)
(9.838018726705783, 10.838049320843535)
(9.83801872670578, 10.838049320843526)
(9.976380232471485, 10.910070745115007)
(10.033213515550171, 11.020186326041694)
(10.015731891845153, 11.148314173461404)
(9.931148677259749, 11.27437239721196)
(9.78667718769727, 11.37827910713119)
(None, None)
(None, None)
