(4.815571298699481, 2.754433186605997)
(4.6531221349885445, 2.679554180699496)
(4.569876195310239, 2.5048859784260338)
(4.562881136576789, 2.2922139604452223)
(4.629184615700412, 2.103323507416674)
(4.76583428959333, 2.0000000000000013)
(4.765834289593333, 2.0)
(4.919601014429511, 2.070586828713104)
(4.994250829582465, 2.245498280516723)
(4.996990983227945, 2.460559636624389)
(4.9350287235417, 2.651596178249637)
(4.815571298699481, 2.7544331866059983)
(None, None)
(3.5538900957230792, 3.2961865084721462)
(None, None)
(3.407597801207871, 3.265850284137401)
(3.230394572648095, 3.1516400524530757)
(3.088338743337119, 2.98834441961099)
(3.0474886465683113, 2.8107519918029626)
(3.1739026156350394, 2.653651375220816)
(3.1739026156350376, 2.6536513752208197)
(3.3390981450090265, 2.695275162430704)
(3.518891588727012, 2.8182011817156973)
(3.654086015766807, 2.9845688207208796)
(3.6854844951062242, 3.156517467091334)
(3.5538900957230792, 3.2961865084721413)
(None, None)
(6.094552153240906, 3.2961865084721462)
(None, None)
(5.890339595398879, 3.2063718506347527)
(5.861252967440822, 3.05586054995417)
(5.9512330611145865, 2.8860030648671513)
(6.104220668168021, 2.7381498538104507)
(6.264156580348975, 2.6536513752208197)
(6.264156580348972, 2.6536513752208197)
(6.453126808761066, 2.7060644561069767)
(6.489069542427954, 2.8454784778190736)
(6.413566719177989, 3.0229394724132237)
(6.268200276839521, 3.189493471945542)
(6.094552153240906, 3.296186508472144)
(None, None)
(4.8648587539024515, 5.787982056714524)
(None, None)
(4.409736267394317, 5.741247086836726)
(4.00668879723715, 5.560944584626198)
(3.680673941393926, 5.269392694474748)
(3.4566492978276235, 4.888909560774186)
(3.3595724645012184, 4.44181332791632)
(3.359572464501219, 4.441813327916314)
(3.4084303096468975, 3.9869350717832153)
(3.59061341844003, 3.58474780258551)
(3.883684964258369, 3.2601061295738143)
(4.265208120479666, 3.0378646619987353)
(4.712746060481673, 2.9428780091108897)
(4.712746060481676, 2.9428780091108875)
(5.1646572608538, 2.993122115019821)
(5.5642207699984105, 3.174968140122643)
(5.887023358860744, 3.466378461663129)
(6.108651798386034, 3.8453154568850536)
(6.2046928595195165, 4.289741503032191)
(6.204692859519517, 4.289741503032191)
(6.156572609723344, 4.741871758760773)
(5.976607191203126, 5.142272255536026)
(5.686718487019288, 5.466431679815225)
(5.3088283802322564, 5.689838718055633)
(4.864858753902458, 5.787982056714521)
(None, None)
(4.718549392686338, 3.361780509799483)
(None, None)
(4.403994466858441, 3.432873454470493)
(4.137212964077268, 3.5931134285641417)
(3.9338036528020224, 3.8247353696200053)
(3.8093653014919076, 4.109974215177667)
(3.779496678606126, 4.431064902776699)
(3.7794966786061286, 4.431064902776694)
(3.85249298546095, 4.745172628729124)
(4.014344226133247, 5.010975706048004)
(4.247191373223124, 5.212978747324446)
(4.533175399330689, 5.3356863651495665)
(4.85443727705605, 5.363603172114475)
(4.8544372770560535, 5.363603172114488)
(5.165706764875037, 5.289695856535438)
(5.429169873259339, 5.1284501894918435)
(5.629692165715789, 4.897311478013359)
(5.752139205751215, 4.613725029129636)
(5.781376556872445, 4.295136149870327)
(5.781376556872447, 4.295136149870327)
(5.709358348531623, 3.9834386867355165)
(5.5497036118828404, 3.719010100041335)
(5.319775262985859, 3.5170946809074737)
(5.036936217900438, 3.3929367204536245)
(4.71854939268634, 3.361780509799483)
(None, None)
(14.973282609543164, 6.348085351537668)
(None, None)
(14.864940445825557, 6.31080866883444)
(14.751519467321065, 6.274485367354243)
(14.635944553460838, 6.238793729976546)
(14.521140583676024, 6.203412039580822)
(14.410032437397772, 6.168018579046541)
(14.410032437397778, 6.168018579046549)
(14.163668724748899, 6.0866738436933225)
(13.917305012100023, 6.005329108340095)
(13.670941299451144, 5.923984372986867)
(13.424577586802268, 5.84263963763364)
(13.17821387415339, 5.7612949022804125)
(13.17821387415339, 5.7612949022804125)
(13.006277324869782, 5.707195095149531)
(12.801849308102522, 5.6434555445413395)
(12.587826666722417, 5.572628408832717)
(12.387106243600273, 5.49726584640054)
(12.222584881606906, 5.419920015621688)
(12.222584881606908, 5.419920015621695)
(12.165353236775267, 5.317854605237335)
(12.210113765910313, 5.171070515099466)
(12.31152593360482, 5.012120025074282)
(12.424249204451582, 4.873555415027974)
(12.502943043043382, 4.787928964826737)
(12.502943043043372, 4.787928964826726)
(12.912760958456547, 4.422616558879881)
(13.368274475123375, 4.127444370277601)
(13.861752573702367, 3.907346048764582)
(14.385464234852032, 3.7672552440855203)
(14.931678439230883, 3.7121056059851103)
(14.931678439230872, 3.7121056059851067)
(15.961819274750567, 3.8161363025600155)
(16.888561404746152, 4.260808540771947)
(17.643071097252765, 4.972219582317957)
(18.156514620305554, 5.876466688895098)
(18.360058241939655, 6.8996471222004265)
(18.360058241939647, 6.899647122200427)
(18.36380376158678, 7.00921338032785)
(18.36100900757633, 7.156969814689758)
(18.33401092531537, 7.300284983436561)
(18.265146460210946, 7.396527444718668)
(18.136752557670135, 7.403065756686489)
(18.136752557670135, 7.4030657566864875)
(17.587041641295293, 7.222973809176793)
(17.03692073176076, 7.037218463331934)
(16.486646810425, 6.849836876676599)
(15.93647685864648, 6.664866206735469)
(15.386667857783676, 6.486343611033233)
(15.386667857783667, 6.486343611033231)
(15.345954621570401, 6.620130852619004)
(15.305241385357135, 6.75391809420478)
(15.264528149143867, 6.887705335790553)
(15.223814912930601, 7.021492577376328)
(15.183101676717335, 7.155279818962102)
(15.183101676717335, 7.155279818962102)
(15.156646328623117, 7.239906788230968)
(15.128855069802798, 7.328474792226314)
(15.101540501593997, 7.418421864122462)
(15.076515225334324, 7.507186037093739)
(15.055591842361393, 7.592205344314471)
(15.055591842361393, 7.592205344314471)
(15.257918235499833, 7.860117238124623)
(15.312927612782453, 8.124148909590836)
(15.259683102386639, 8.385265510074696)
(15.13724783248977, 8.644432190937792)
(14.984684931269232, 8.902614103541705)
(14.984684931269225, 8.902614103541705)
(14.809718552152344, 9.19615645490228)
(14.634752173035464, 9.489698806262858)
(14.459785793918586, 9.783241157623433)
(14.284819414801706, 10.076783508984011)
(14.109853035684825, 10.370325860344586)
(14.109853035684825, 10.370325860344586)
(14.018873134130395, 10.527074026666641)
(13.931571400874693, 10.676442316114123)
(13.840905369681753, 10.820133475398126)
(13.73983257431561, 10.959850251229742)
(13.621310548540297, 11.097295390320062)
(13.621310548540292, 11.097295390320074)
(14.584683311411696, 11.212625092960387)
(15.461751533321724, 11.291361434830302)
(16.311640543616342, 11.282786888892305)
(17.193475671641522, 11.136183928108881)
(18.16638224674324, 10.800835025442511)
(18.16638224674323, 10.800835025442504)
(18.27436313259683, 10.745839053039907)
(18.458749872886266, 10.665870770001137)
(18.65115600091181, 10.62784341401667)
(18.783195049973738, 10.698670222776997)
(18.78648055337231, 10.945264433972591)
(18.78648055337231, 10.945264433972602)
(18.724902130982304, 11.005109049563657)
(18.59004871101234, 11.079283808846563)
(18.422462535718324, 11.15562623531352)
(18.26268584735617, 11.221973852456728)
(18.15126088818179, 11.266164183768392)
(18.15126088818179, 11.266164183768392)
(17.2899845957826, 11.542290980394)
(16.46442282714163, 11.686509834223266)
(15.648173199788161, 11.722033420178247)
(14.814833331251473, 11.672074413181006)
(13.938000839060855, 11.5598454881536)
(13.938000839060871, 11.559845488153588)
(13.199050288880324, 11.459912761485903)
(12.459462189527997, 11.383396725475247)
(11.718520524241738, 11.333891195760698)
(10.975509276259395, 11.314989987981336)
(10.229712428818816, 11.33028691777624)
(10.229712428818809, 11.330286917776236)
(9.482883732564824, 11.381048255885046)
(8.737798978506877, 11.457690166988593)
(7.993730379744259, 11.547604871003713)
(7.249950149376263, 11.638184587847245)
(6.505730500502177, 11.716821537436024)
(6.505730500502172, 11.716821537436017)
(6.406484692198543, 11.724486186273984)
(6.302056099550784, 11.731509362560647)
(6.196393604044412, 11.740270595974069)
(6.093446087164942, 11.753149416192311)
(5.997162430397891, 11.772525352893426)
(5.997162430397889, 11.772525352893437)
(5.212855160869614, 11.763102703082826)
(4.448299164683073, 11.721439682077754)
(3.6950866395298125, 11.630312653791377)
(2.9448097831013773, 11.472497982136838)
(2.189060793089313, 11.230772031027294)
(2.1890607930893164, 11.230772031027287)
(2.0640759804019138, 11.15594402905453)
(2.0007088238997017, 11.059511937762354)
(2.0, 10.9561923537252)
(2.062990185120129, 10.860701873517499)
(2.19072005567741, 10.78775709371369)
(2.1907200556774096, 10.78775709371369)
(2.2988253780514065, 10.812798063491437)
(2.446267680493188, 10.859741299432018)
(2.6096275259800614, 10.91640470813004)
(2.7654854774893347, 10.970606196180112)
(2.8904220979983153, 11.01016367017684)
(2.890422097998318, 11.010163670176846)
(3.2131230386362892, 11.094518945414045)
(3.5271466407928744, 11.165481764664351)
(3.8397788164031725, 11.223774029759197)
(4.1583054774022825, 11.27011764253001)
(4.4900125357253025, 11.305234504808224)
(4.490012535725301, 11.305234504808226)
(4.431638860505443, 10.85381339992764)
(4.562664369858385, 10.495403853295556)
(4.827512431212768, 10.198155869979619)
(5.170606411997236, 9.930219455047474)
(5.53636967964043, 9.659744613566769)
(5.536369679640433, 9.659744613566769)
(5.629010478524425, 9.585445613932443)
(5.721651277408416, 9.511146614298113)
(5.814292076292407, 9.436847614663783)
(5.906932875176398, 9.362548615029453)
(5.9995736740603895, 9.288249615395127)
(5.9995736740603895, 9.288249615395127)
(6.382461185509296, 8.997843025114827)
(6.703604511783537, 8.81876429036582)
(7.021442390813319, 8.738519409070985)
(7.394413560528854, 8.744614379153198)
(7.880956758860347, 8.824555198535336)
(7.880956758860341, 8.82455519853534)
(8.617644826851805, 8.97321041375531)
(9.354332894843267, 9.121865628975282)
(10.09102096283473, 9.27052084419525)
(10.827709030826192, 9.419176059415221)
(11.564397098817656, 9.567831274635193)
(11.564397098817656, 9.567831274635193)
(11.786856640904311, 9.622459430207918)
(12.059490321965152, 9.691466771716474)
(12.337124350222505, 9.741484956354793)
(12.574584933898699, 9.739145641316805)
(12.726698281216061, 9.651080483796434)
(12.726698281216061, 9.65108048379643)
(12.846759579555858, 9.464152701372083)
(12.96266798067517, 9.274449127938295)
(13.07678339735446, 9.083480264609745)
(13.191465742374191, 8.89275661250111)
(13.309074928514834, 8.703788672727068)
(13.30907492851484, 8.703788672727068)
(12.99667583434278, 8.703903104629694)
(12.684276740170718, 8.704017536532323)
(12.371877645998657, 8.704131968434949)
(12.059478551826595, 8.704246400337578)
(11.747079457654534, 8.704360832240203)
(11.747079457654534, 8.704360832240203)
(11.596889874094481, 8.704838503696598)
(11.44577241127827, 8.70550449736989)
(11.29438815865479, 8.705134718850259)
(11.143398205672936, 8.702505073727888)
(10.993463641781597, 8.696391467592964)
(10.993463641781588, 8.696391467592957)
(10.888556723780848, 8.64859293491731)
(10.80674477931661, 8.542334085724107)
(10.810935275590815, 8.417503919579396)
(10.96403567980541, 8.313991436049239)
(11.328953459162337, 8.271685634699695)
(11.328953459162337, 8.2716856346997)
(11.78069791590492, 8.27186545626097)
(12.232442372647501, 8.272045277822244)
(12.684186829390082, 8.272225099383512)
(13.135931286132665, 8.272404920944785)
(13.587675742875247, 8.272584742506055)
(13.587675742875247, 8.272584742506055)
(13.738355421926839, 7.979147014599309)
(13.89557145125649, 7.734212065991803)
(14.083996002967199, 7.550118925269677)
(14.32830124916196, 7.439206621019064)
(14.653159361943768, 7.413814181826103)
(14.653159361943771, 7.413814181826107)
(14.726294098705942, 7.206318082275268)
(14.79676878415447, 6.99357446261824)
(14.862688425981851, 6.77800600970779)
(14.92215803188058, 6.562035410396676)
(14.973282609543153, 6.348085351537665)
(None, None)
(14.855540355447179, 4.145312094502094)
(None, None)
(14.392532530003153, 4.207561741738079)
(13.924159483067385, 4.352174895208966)
(13.475403333724836, 4.568619242596954)
(13.071246201060475, 4.846362471584243)
(12.736670204159275, 5.17487226985303)
(12.736670204159282, 5.174872269853031)
(13.107051289495923, 5.291107946213856)
(13.47561388842567, 5.4095446384846415)
(13.843266263307093, 5.529421211038768)
(14.210916676498755, 5.649976528249621)
(14.579473390359224, 5.770449454490581)
(14.579473390359231, 5.770449454490582)
(14.934195941088667, 5.885976633899999)
(15.288918491818105, 6.001503813309417)
(15.643641042547545, 6.117030992718833)
(15.998363593276983, 6.23255817212825)
(16.35308614400642, 6.348085351537668)
(16.35308614400642, 6.348085351537668)
(16.668213294737114, 6.451969902225507)
(16.98243610648876, 6.560434998501362)
(17.29658633571931, 6.669498410153813)
(17.611495738886724, 6.7751779069714315)
(17.92799607244895, 6.873491258742796)
(17.92799607244893, 6.873491258742797)
(17.862510944903235, 6.4180434586829085)
(17.73260981073068, 5.976029310094858)
(17.538739935196386, 5.558969816935145)
(17.28134858356548, 5.178385983160268)
(16.960883021103086, 4.845798812726729)
(16.960883021103086, 4.845798812726731)
(16.622232921520066, 4.602504817602899)
(16.197227277041925, 4.379355414617548)
(15.731012415789701, 4.207804337371648)
(15.268734665884434, 4.119305319466173)
(14.85554035544717, 4.145312094502095)
(None, None)
(14.447590622581465, 7.8336975273943645)
(None, None)
(14.337281210983551, 7.894507948243593)
(14.246586735289103, 7.989077088160998)
(14.17039503198532, 8.103239585394512)
(14.103593937559417, 8.22283007819207)
(14.041071288498594, 8.33368320480161)
(14.04107128849859, 8.333683204801613)
(13.921530818789893, 8.528789598780866)
(13.801990349081196, 8.72389599276012)
(13.682449879372502, 8.919002386739376)
(13.562909409663805, 9.11410878071863)
(13.443368939955107, 9.309215174697883)
(13.443368939955107, 9.309215174697883)
(13.194870908848088, 9.732121811133549)
(12.995526938040403, 10.010171390671584)
(12.765029372164923, 10.154372916241305)
(12.423070555854514, 10.17573539077203)
(11.889342833742043, 10.085267817193072)
(11.889342833742047, 10.085267817193078)
(11.715038524918938, 10.047840411326677)
(11.540734216095831, 10.010413005460276)
(11.366429907272721, 9.972985599593873)
(11.192125598449612, 9.93555819372747)
(11.017821289626506, 9.898130787861069)
(11.017821289626506, 9.898130787861069)
(10.36538779679793, 9.76729425462161)
(9.712954303969358, 9.636457721382147)
(9.060520811140783, 9.505621188142687)
(8.40808731831221, 9.374784654903227)
(7.755653825483637, 9.243948121663767)
(7.755653825483637, 9.243948121663767)
(7.353101355042404, 9.17435096543424)
(7.057594371387868, 9.173846484217801)
(6.811111976508552, 9.250018570623986)
(6.555633272392984, 9.41045111726234)
(6.233137361029692, 9.662728016742399)
(6.23313736102969, 9.662728016742406)
(6.140226829803791, 9.736904410766776)
(6.047316298577894, 9.811080804791146)
(5.954405767351996, 9.885257198815516)
(5.861495236126099, 9.959433592839888)
(5.7685847049002, 10.03360998686426)
(5.7685847049002, 10.03360998686426)
(5.618312403421961, 10.148466922272576)
(5.405891808678636, 10.31023766827508)
(5.180392628309909, 10.48858469274386)
(4.990884569955467, 10.653170463550993)
(4.886437341254995, 10.773657448568564)
(4.886437341254996, 10.773657448568562)
(4.84392817806707, 10.951709565676854)
(4.887511693346519, 11.110915729267338)
(4.9961526878041305, 11.227408060038341)
(5.14881596215069, 11.277318678688184)
(5.324466317096989, 11.236779705915202)
(5.324466317096983, 11.236779705915211)
(5.417743357359582, 11.176019308154846)
(5.514671102264277, 11.105889880103957)
(5.612269745066662, 11.03108770704636)
(5.707559479022326, 10.956309074265876)
(5.797560497386856, 10.88625026704632)
(5.797560497386856, 10.886250267046325)
(5.964116131660641, 10.758985643910298)
(6.130671765934427, 10.631721020774268)
(6.297227400208212, 10.504456397638242)
(6.463783034481997, 10.377191774502212)
(6.630338668755783, 10.249927151366185)
(6.630338668755783, 10.249927151366185)
(6.7614638973381584, 10.145024483693257)
(6.899323606864285, 10.038083620360396)
(7.045748053879614, 9.949223651539207)
(7.202567494929592, 9.898563667401298)
(7.371612186559665, 9.906222758118282)
(7.371612186559662, 9.906222758118275)
(7.596867136553352, 9.994856151772264)
(7.9407690065703695, 10.161502023774979)
(8.328512681018477, 10.361959580469371)
(8.685293044305446, 10.552028028198396)
(8.93630498083904, 10.687506573305)
(8.936304980839036, 10.687506573304994)
(9.294932275034405, 10.865451451373112)
(9.542200326662329, 10.942771453236794)
(9.764919792642097, 10.95215813873515)
(10.049901329892993, 10.926303067707282)
(10.483955595334303, 10.897897799992295)
(10.483955595334297, 10.897897799992302)
(10.788636748096598, 10.889995459745165)
(11.093816170057769, 10.887585850824134)
(11.399119178473773, 10.890688590126796)
(11.704171090600585, 10.899323294550749)
(12.008597223694176, 10.913509580993585)
(12.008597223694176, 10.913509580993574)
(12.456598449427679, 10.951675236106066)
(12.80298610731805, 10.97186788964365)
(13.08498522223819, 10.918332395266871)
(13.339820819060995, 10.73531360663627)
(13.604717922659365, 10.367056377412391)
(13.604717922659358, 10.36705637741238)
(13.789721614378102, 10.058229193343752)
(13.974725306096849, 9.749402009275123)
(14.159728997815593, 9.440574825206497)
(14.34473268953434, 9.131747641137867)
(14.529736381253082, 8.82292045706924)
(14.529736381253082, 8.82292045706924)
(14.592886444088597, 8.721080641007198)
(14.669944887317707, 8.598278208177046)
(14.748425555622322, 8.467732985866842)
(14.81584229368436, 8.34266480136467)
(14.859708946185737, 8.236293481958597)
(14.859708946185739, 8.236293481958594)
(14.868358690231178, 8.100172156507519)
(14.817296559692606, 7.983757966378596)
(14.720697724770892, 7.895144843518785)
(14.592737355666895, 7.842426719875052)
(14.447590622581473, 7.833697527394359)
(None, None)
(7.261594085891008, 10.324634836367041)
(None, None)
(6.995125995743717, 10.522827949182586)
(6.726674637249752, 10.728644188402862)
(6.45708157531586, 10.935013624135262)
(6.187188374848794, 11.134866326487199)
(5.917836600755299, 11.321132365566067)
(5.917836600755297, 11.321132365566067)
(6.1585810530885965, 11.322986162388627)
(6.431807164456753, 11.304663980036556)
(6.715775488946957, 11.273522155107315)
(6.988746580646401, 11.23691702419836)
(7.228980993642276, 11.20220492390715)
(7.228980993642277, 11.202204923907157)
(7.392708525179707, 11.182048561630122)
(7.556436056717136, 11.161892199353085)
(7.720163588254565, 11.141735837076052)
(7.883891119791994, 11.121579474799017)
(8.047618651329424, 11.101423112521982)
(8.047618651329424, 11.101423112521982)
(8.172973896433046, 11.086852334886322)
(8.298387992229447, 11.073584119250851)
(8.42379227957705, 11.064470762525628)
(8.549118099334283, 11.062364561620702)
(8.674296792359566, 11.07011781344613)
(8.674296792359563, 11.07011781344613)
(8.557021420426295, 10.991826448203287)
(8.431601112612324, 10.920595204404245)
(8.301827815222413, 10.853979816608888)
(8.171493474561338, 10.789536019377099)
(8.044390036933862, 10.724819547268767)
(8.044390036933873, 10.724819547268769)
(7.941058028861576, 10.67024370342296)
(7.837726020789279, 10.61566785957715)
(7.734394012716981, 10.56109201573134)
(7.631062004644685, 10.506516171885531)
(7.527729996572387, 10.451940328039722)
(7.527729996572387, 10.451940328039722)
(7.482204408431211, 10.4280603516512)
(7.424351561842453, 10.397953971966588)
(7.362647918256147, 10.36705703130897)
(7.305569939122321, 10.340805372001428)
(7.26159408589101, 10.324634836367045)
(None, None)
(6.946088982933353, 4.5741456495972574)
(None, None)
(6.8551018885164705, 4.577388322769417)
(6.753272534799815, 4.580352435995753)
(6.649316709384053, 4.577305931799525)
(6.551950199869855, 4.562516752703994)
(6.469888793857889, 4.530252841232418)
(6.469888793857889, 4.530252841232425)
(6.39721113080964, 4.452664414820006)
(6.384608254950875, 4.357771923040606)
(6.425006313009476, 4.263179569794384)
(6.511331451713329, 4.186491558981494)
(6.636509817790318, 4.145312094502097)
(6.636509817790318, 4.145312094502094)
(6.714769795997011, 4.143805516766934)
(6.813529432188621, 4.143205239700581)
(6.916859805519451, 4.147772053460281)
(7.0088319951438045, 4.161766748203285)
(7.073517080215987, 4.1894501140868385)
(7.073517080215992, 4.189450114086844)
(7.146433742466585, 4.278830257642548)
(7.162318198344402, 4.374756559925111)
(7.129001513368659, 4.464462343980863)
(7.054314753058568, 4.535180932856136)
(6.946088982933346, 4.574145649597261)
(None, None)
(2.9973423635887086, 4.5741456495972574)
(None, None)
(2.878940654785298, 4.575910516484061)
(2.739820559588807, 4.574395438093278)
(2.6032133889740074, 4.556001981013287)
(2.4923504539156727, 4.507131711832466)
(2.4304630653885764, 4.414186197139193)
(2.4304630653885746, 4.414186197139194)
(2.422506517114422, 4.333367521589757)
(2.4398649866773954, 4.265641163494037)
(2.4794462625098745, 4.211436732909325)
(2.538158133044239, 4.171183839892912)
(2.6129083867128706, 4.1453120945020885)
(2.61290838671287, 4.145312094502094)
(2.7172458261764785, 4.145139465803274)
(2.8471228969546547, 4.144244935273022)
(2.979320450549133, 4.15545206886803)
(3.0906193384616483, 4.191584432544986)
(3.157800412193935, 4.265465592260579)
(3.1578004121939345, 4.265465592260579)
(3.17600848959167, 4.348642872797306)
(3.1652286774159015, 4.42147223985361)
(3.129299021680742, 4.4835809723752185)
(3.0720575684003073, 4.5345963493078605)
(2.9973423635887086, 4.574145649597264)
(None, None)
(3.327870740619839, 6.075451343528534)
(None, None)
(3.168101114340818, 6.064380220423506)
(3.0886540522711003, 5.95866345150046)
(3.101330295326864, 5.796157725734796)
(3.2179305844242894, 5.614719732101914)
(3.450255660479553, 5.452206159577214)
(3.450255660479553, 5.452206159577209)
(3.6634589694368485, 5.475475069605701)
(3.7214847716727193, 5.596318428262881)
(3.660670427443972, 5.767851850300948)
(3.5173532970074106, 5.943190950472099)
(3.3278707406198396, 6.075451343528535)
(None, None)
(6.341725062915504, 6.075451343528534)
(None, None)
(6.1944391071475415, 6.041204817606873)
(6.02170611182165, 5.9266545596975995)
(5.88815983112798, 5.766903046354026)
(5.858434019256677, 5.597052754129459)
(5.997162430397893, 5.452206159577216)
(5.997162430397889, 5.452206159577209)
(6.147261449280721, 5.490901797873011)
(6.322854588275704, 5.603521753059111)
(6.457854481081033, 5.759118407492443)
(6.486173761394902, 5.9267441435299375)
(6.341725062915504, 6.07545134352853)
(None, None)
(4.815571298699481, 6.766579166859738)
(None, None)
(4.659356385043669, 6.700155697712501)
(4.575219838214633, 6.5240502307420405)
(4.564217047302888, 6.3028769032409135)
(4.627403401398951, 6.10124985250167)
(4.765834289593334, 5.983783215816869)
(4.765834289593333, 5.983783215816873)
(4.92041707736939, 6.052882429795823)
(4.996522466323759, 6.230749494170154)
(5.000310162300716, 6.452346546659294)
(4.937939871144531, 6.652635724982676)
(4.815571298699475, 6.7665791668597315)
(None, None)
(17.43904489993787, 13.395905365805865)
(None, None)
(16.638424708793508, 13.254522461471998)
(15.89178629644618, 13.378993638390753)
(15.136008371510163, 13.56228804443254)
(14.307969642599755, 13.59737482746778)
(13.344548818329242, 13.277223135366881)
(13.344548818329251, 13.277223135366873)
(13.037506444993312, 13.15870634076425)
(12.691522568245068, 13.100905805902405)
(12.331057497693505, 13.098840800482426)
(11.980571542947617, 13.14753059420539)
(11.664525013616387, 13.241994456772375)
(11.664525013616393, 13.241994456772378)
(11.233661436568623, 13.390750699014953)
(10.803221584508869, 13.485146556336952)
(10.369951014126412, 13.514008243869272)
(9.93059528211054, 13.466161976742814)
(9.481899945150534, 13.330433970088478)
(9.481899945150523, 13.330433970088487)
(8.908679157855088, 13.1060565493138)
(8.495500867884195, 12.991616146031047)
(8.130841050730616, 12.989176457867035)
(7.70317568188713, 13.10080118244858)
(7.100980736846505, 13.328554017402473)
(7.100980736846503, 13.328554017402473)
(6.280661943730446, 13.478437577360069)
(5.561307595316158, 13.346145797267482)
(4.889457918451571, 13.109911923587445)
(4.211653139984609, 12.9479692027827)
(3.474433486763198, 13.03855088131598)
(3.4744334867632, 13.038550881316008)
(3.3439001326760422, 13.09032281659916)
(3.1999494091420493, 13.140729415809822)
(3.061833927966135, 13.156361140656982)
(2.9488063009532173, 13.103808452849615)
(2.880119139908211, 12.949661814096716)
(2.880119139908211, 12.949661814096716)
(2.9538959704234373, 12.797101201514232)
(3.1822351217515643, 12.678360120382454)
(3.4812162906646913, 12.59308546654472)
(3.7669191739349177, 12.540924135844339)
(3.9554234683343443, 12.52152302412464)
(3.955423468334343, 12.521523024124646)
(4.509848554064639, 12.538788509593026)
(5.056323303538354, 12.715878744822666)
(5.628649004491441, 12.92360272733388)
(6.260626944659854, 13.03276945464699)
(6.986058411779544, 12.914187924282304)
(6.986058411779544, 12.91418792428231)
(7.383948926507745, 12.762661449151276)
(7.795763515147618, 12.636819378039053)
(8.216682305960504, 12.562640368428337)
(8.64188542720775, 12.566103077801834)
(9.066553007150702, 12.673186163642253)
(9.0665530071507, 12.673186163642244)
(9.439435246930476, 12.822305318490297)
(9.825211673498277, 12.959956435005346)
(10.22140663437784, 13.056192357321585)
(10.625544477092896, 13.081065929573203)
(11.035149549167185, 13.004629995894383)
(11.035149549167185, 13.004629995894392)
(11.484969915204164, 12.854462971766571)
(11.959742974979722, 12.720256255520594)
(12.446197897272043, 12.64382522606617)
(12.931063850859312, 12.66698526231302)
(13.401070004519717, 12.83155174317085)
(13.40107000451972, 12.83155174317086)
(13.92224193132765, 13.061159355792194)
(14.399883962376217, 13.164453764810773)
(14.863156615937752, 13.164955630440868)
(15.341220410284578, 13.086185612896754)
(15.863235863689017, 12.951664372392704)
(15.863235863689004, 12.95166437239269)
(16.35762810969584, 12.866673182725178)
(16.91260125885006, 12.867362716675581)
(17.469259499507544, 12.964996996841924)
(17.968707020024155, 13.170840045822246)
(18.352048008755766, 13.496155886214565)
(18.352048008755748, 13.496155886214565)
(18.376007760527816, 13.579044798356671)
(18.349234291744295, 13.661743426592123)
(18.288604019404634, 13.729378239165746)
(18.210993360508276, 13.767075704322348)
(18.13327873205468, 13.759962290306754)
(18.133278732054666, 13.759962290306746)
(17.991575745341734, 13.687099901472829)
(17.85709962370214, 13.611204740270997)
(17.724051612207333, 13.535335081036036)
(17.586632955928756, 13.46254919810273)
(17.439044899937848, 13.395905365805861)
(None, None)
(None, None)
