(9.38231460774773, 15.860226971787247)
(9.267016151266077, 15.854359731974608)
(9.108360870882837, 15.846861815156817)
(8.92102485964434, 15.83850059874807)
(8.719684210596927, 15.830043460162546)
(8.51901501678693, 15.822257776814435)
(8.51901501678693, 15.822257776814435)
(8.216892134009576, 15.808540905535835)
(7.9955357240754426, 15.793097435075314)
(7.817727982396441, 15.771323100947749)
(7.6462511043844845, 15.738613638668012)
(7.44388728545149, 15.69036478375098)
(7.44388728545149, 15.69036478375098)
(7.397988523865406, 15.676967653061626)
(7.349116174799347, 15.659445868771014)
(7.301011203147479, 15.639430107884293)
(7.257414573803958, 15.618551047406612)
(7.222067251662951, 15.598439364343117)
(7.222067251662951, 15.598439364343117)
(7.192411312010501, 15.580134215608854)
(7.164673815893521, 15.564227121293927)
(7.140773206847475, 15.551677303166073)
(7.122627928407836, 15.54344398299302)
(7.112156424110072, 15.540486382542507)
(7.112156424110072, 15.540486382542507)
(7.101237282987364, 15.535258623908355)
(7.0818769903085945, 15.52072641412718)
(7.05618583396278, 15.49861635238091)
(7.026274101838934, 15.470655037851456)
(6.994252081826073, 15.438569069720746)
(6.994252081826073, 15.438569069720746)
(6.958744889390445, 15.405204139233058)
(6.921223331242575, 15.371647364391823)
(6.884469150508893, 15.340584566146697)
(6.851264090315826, 15.314701565447333)
(6.824389893789805, 15.296684183243393)
(6.824389893789805, 15.296684183243393)
(6.761944556710309, 15.255261789906738)
(6.706597460712044, 15.209906587322369)
(6.654895407431167, 15.156685766242582)
(6.603385198503839, 15.091666517419664)
(6.548613635566216, 15.010916031605905)
(6.548613635566216, 15.010916031605905)
(6.485672700573391, 14.908583056018125)
(6.435489415091427, 14.814307543279314)
(6.397392323882916, 14.727034349444962)
(6.370709971710444, 14.645708330570562)
(6.3547709033365924, 14.569274342711608)
(6.3547709033365924, 14.569274342711608)
(6.349127481936422, 14.53722034863982)
(6.342237072238197, 14.507084798103504)
(6.334771129479335, 14.480786134638125)
(6.327401108897243, 14.460242801779152)
(6.320798465729339, 14.447373243062051)
(6.320798465729339, 14.447373243062051)
(6.315762551448733, 14.437972869738255)
(6.312645080703598, 14.42492745369707)
(6.311446053493929, 14.409388061059776)
(6.312165469819732, 14.392505757947653)
(6.314803329681, 14.375431610481984)
(6.314803329681, 14.375431610481984)
(6.3175211246895815, 14.354696433269462)
(6.316402032627222, 14.32753447021312)
(6.311925664377797, 14.29615193137875)
(6.3045716308251665, 14.262755026832137)
(6.294819542853204, 14.229549966639071)
(6.294819542853204, 14.229549966639071)
(6.2831809854046945, 14.193627111437424)
(6.272693494077467, 14.15271630304356)
(6.264028524108936, 14.109982973291)
(6.257857530736513, 14.06859255401327)
(6.254851969197611, 14.031710477043887)
(6.254851969197611, 14.031710477043887)
(6.252485888837201, 14.000599717710376)
(6.250311652830335, 13.973229923271026)
(6.248521105530566, 13.951423615084535)
(6.247306091291436, 13.937003314509596)
(6.2468584544664925, 13.931791542904907)
(6.2468584544664925, 13.931791542904907)
(6.244172633516839, 13.822120520793963)
(6.24311748957233, 13.548422576400462)
(6.243405256102651, 13.193670392633422)
(6.244748166577477, 12.840836652401851)
(6.2468584544664925, 12.57289403861476)
(6.2468584544664925, 12.57289403861476)
(6.24855307958949, 12.436988301156283)
(6.248904794237658, 12.28659831500502)
(6.248009520587772, 12.13361843008087)
(6.245963180816607, 11.98994299630375)
(6.242861697100934, 11.86746636359355)
(6.242861697100934, 11.86746636359355)
(6.240223837239665, 11.764829634445988)
(6.239504420913863, 11.674183177395106)
(6.240703448123532, 11.601282323047302)
(6.243820918868667, 11.55188240200899)
(6.248856833149272, 11.531738744886573)
(6.248856833149272, 11.531738744886573)
(6.253588993870095, 11.522738047299331)
(6.257937465883822, 11.5043369763883)
(6.2615185604833625, 11.478645820042486)
(6.2639485889616235, 11.447774866150905)
(6.264843862611509, 11.413834402602575)
(6.264843862611509, 11.413834402602575)
(6.26169441780745, 11.350222012372333)
(6.247322078320898, 11.305410368789685)
(6.214340836540301, 11.271821619889522)
(6.155364684854111, 11.241877913706752)
(6.063007615650767, 11.208001398276274)
(6.063007615650767, 11.208001398276274)
(5.9618736672726556, 11.166147355144137)
(5.857766131414568, 11.111056051617267)
(5.758262860041606, 11.047715440887883)
(5.670941705118867, 10.981113476148206)
(5.603380518611452, 10.916238110590447)
(5.603380518611452, 10.916238110590447)
(5.569472029122046, 10.881354412303846)
(5.525395788894661, 10.839084706405691)
(5.474892762823453, 10.793074035613374)
(5.42170391580259, 10.746967442644282)
(5.369570212726236, 10.704409970215806)
(5.369570212726236, 10.704409970215806)
(5.2882282068223745, 10.638543408831392)
(5.21043532145913, 10.565962295072833)
(5.122954296241767, 10.472757913307992)
(5.012547870775559, 10.345021547904718)
(4.865978784665769, 10.168844483230867)
(4.865978784665769, 10.168844483230867)
(4.771239648072552, 10.03535278722119)
(4.67016964781229, 9.863971831386007)
(4.578500020875824, 9.685396712292818)
(4.511962004253993, 9.530322526509119)
(4.486286834937641, 9.429444370602404)
(4.486286834937641, 9.429444370602404)
(4.484448326549483, 9.403993019698522)
(4.479252541974255, 9.372594493834688)
(4.471179092095825, 9.33793461396056)
(4.46070758779806, 9.302699201025789)
(4.448317639964827, 9.269574075980033)
(4.448317639964827, 9.269574075980033)
(4.414153358004027, 9.175234615123372)
(4.38123606434128, 9.073125457948064)
(4.3532108016939794, 8.975620565257882)
(4.333722612779512, 8.895093897856594)
(4.32641654031527, 8.843919416547973)
(4.32641654031527, 8.843919416547973)
(4.324833824398508, 8.825934008402957)
(4.320469365355319, 8.806509767606338)
(4.313898696246338, 8.78708552680972)
(4.30569735013221, 8.769100118664705)
(4.2964408600735755, 8.75399237582289)
(4.2964408600735755, 8.75399237582289)
(4.287184370014941, 8.739428191982793)
(4.278983023900813, 8.720931198894984)
(4.2724123547918325, 8.70032391791816)
(4.268047895748643, 8.679428870411016)
(4.266465179831881, 8.660068577732247)
(4.266465179831881, 8.660068577732247)
(4.264882463915119, 8.639093595077792)
(4.26051800487193, 8.613610270114986)
(4.253947335762949, 8.585824812909618)
(4.245745989648821, 8.557943433527477)
(4.236489499590187, 8.53217234203435)
(4.236489499590187, 8.53217234203435)
(4.223683888990934, 8.487408659540087)
(4.213660021518113, 8.414827545781531)
(4.205842364111078, 8.306275615732941)
(4.199655383709192, 8.153599484368579)
(4.194523547251814, 7.9486457666626995)
(4.194523547251814, 7.9486457666626995)
(4.187537215376817, 7.656131088592148)
(4.183236704451475, 7.4272128137223765)
(4.181430170122243, 7.256423377977299)
(4.181925768035572, 7.138295217280829)
(4.184531653837917, 7.067360767556884)
(4.184531653837917, 7.067360767556884)
(4.1850272517512455, 7.039143660556035)
(4.184179939189747, 6.991262507316635)
(4.182085638330194, 6.928513416677355)
(4.17884027134936, 6.8556924974768645)
(4.174539760424018, 6.777595858553837)
(4.174539760424018, 6.777595858553837)
(4.170622938205771, 6.66763706991257)
(4.171502224826192, 6.5684215650699285)
(4.178136842053021, 6.466232472747309)
(4.191486011653989, 6.347352921666114)
(4.212508955396832, 6.198066040547745)
(4.212508955396832, 6.198066040547745)
(4.229982778599055, 6.068698998139324)
(4.243907481260665, 5.9434566093321575)
(4.25409121902811, 5.824545084192039)
(4.260342147547844, 5.714170632784754)
(4.262468422466322, 5.614539465176094)
(4.262468422466322, 5.614539465176094)
(4.263379683145669, 5.536410852194142)
(4.265921620830165, 5.465764169000515)
(4.269806468989488, 5.4072036800803405)
(4.27474646109332, 5.365333649918743)
(4.280453830611338, 5.344758343000844)
(4.280453830611338, 5.344758343000844)
(4.2852019783616235, 5.316685119265156)
(4.2896623595815875, 5.253983989714262)
(4.29354720774091, 5.163753195429396)
(4.296568756309274, 5.053090977491791)
(4.298439238756355, 4.9290955769826805)
(4.298439238756355, 4.9290955769826805)
(4.299798136260646, 4.785532052411792)
(4.303555088184272, 4.620386038066885)
(4.309230483643365, 4.447086638696235)
(4.316344711754061, 4.279062959048124)
(4.32441816163249, 4.12974410387083)
(4.32441816163249, 4.12974410387083)
(4.332475624481458, 3.994286003237296)
(4.339477943385917, 3.864775077563714)
(4.34484958528523, 3.7500361671132385)
(4.348015017118752, 3.658894112149025)
(4.348398705825845, 3.600173752934228)
(4.348398705825845, 3.600173752934228)
(4.347215665645641, 3.53894343009386)
(4.346128547642207, 3.4407830691957244)
(4.345233273992323, 3.3152848879171635)
(4.344625766872758, 3.1720411039355207)
(4.344401948460287, 3.020643934928136)
(4.344401948460287, 3.020643934928136)
(4.3452492610217845, 2.827888320701944)
(4.348302783649073, 2.6857796158121188)
(4.3543298937563355, 2.5830949255761704)
(4.364097968757762, 2.5086113553116083)
(4.37837438606754, 2.451106010335942)
(4.37837438606754, 2.451106010335942)
(4.396343807183095, 2.381082821291344)
(4.407023142863869, 2.3206518499240882)
(4.410316470933091, 2.2712519288857753)
(4.406127869213984, 2.2343218908280087)
(4.394361415529778, 2.2113005684023865)
(4.394361415529778, 2.2113005684023865)
(4.3406449965366605, 2.197855476624645)
(4.227456827944022, 2.1910290150442693)
(4.076379399525884, 2.190725261484487)
(3.908995201056261, 2.1968482937685243)
(3.7468867223091777, 2.209302189719607)
(3.7468867223091777, 2.209302189719607)
(3.553715445316968, 2.2324514083809257)
(3.409656322832749, 2.2606845024112374)
(3.29523715297152, 2.3005241798311316)
(3.190985733848271, 2.3584931486612026)
(3.0774298635780024, 2.441114116922044)
(3.0774298635780024, 2.441114116922044)
(3.0353200279744694, 2.4726725130805005)
(2.9904284492445083, 2.5036553761783154)
(2.9462083257519613, 2.532048340503248)
(2.90611285586067, 2.5558370403430573)
(2.87359523793448, 2.5730071099854994)
(2.87359523793448, 2.5730071099854994)
(2.8462414305245924, 2.5855569281133546)
(2.8226285880088686, 2.598586357125079)
(2.8040996208621363, 2.6111361752529345)
(2.7919974395592217, 2.6222471607291897)
(2.7876649545749563, 2.6309600917861085)
(2.7876649545749563, 2.6309600917861085)
(2.782213377528333, 2.6437497153558973)
(2.7670736606275947, 2.666131556603031)
(2.744068325231436, 2.6957075611081676)
(2.7150198926985514, 2.7300796744519786)
(2.681750884387636, 2.766849842215123)
(2.681750884387636, 2.766849842215123)
(2.645220522066425, 2.8065776104287825)
(2.60916977062908, 2.8491830439456436)
(2.575996684494938, 2.8913088665786377)
(2.548099318083334, 2.9295978021406954)
(2.5278757258136046, 2.960692574444747)
(2.5278757258136046, 2.960692574444747)
(2.511313163290728, 2.9879344726483983)
(2.493695456823341, 3.015560059559145)
(2.4763655168862773, 3.041554969464742)
(2.460666253954361, 3.0639048366529495)
(2.4479405785024193, 3.0805952954115248)
(2.4479405785024193, 3.0805952954115248)
(2.4227290330404716, 3.121122415098295)
(2.397325643224976, 3.1851504680945544)
(2.3715385647023886, 3.2726794544003024)
(2.34517595311916, 3.3837093740155395)
(2.3180459641217435, 3.5182402269402635)
(2.3180459641217435, 3.5182402269402635)
(2.3060077309366784, 3.5775201321862378)
(2.2922428985696923, 3.6351693604270645)
(2.277902533142067, 3.68715918023826)
(2.264137700775081, 3.7294608601953385)
(2.252099467590016, 3.7580456688738186)
(2.252099467590016, 3.7580456688738186)
(2.237791076221314, 3.8035447547233456)
(2.227799182807416, 3.896141629368623)
(2.221164565580588, 4.067106922437785)
(2.2169280027730935, 4.34771126355897)
(2.214130272617203, 4.769225282360311)
(2.214130272617203, 4.769225282360311)
(2.2113005684023865, 5.088694092104193)
(2.207799408950158, 5.406052613959061)
(2.203914560790833, 5.698567292029611)
(2.199933790454736, 5.943504570420545)
(2.196144864472186, 6.11813089323656)
(2.196144864472186, 6.11813089323656)
(2.1913167815745904, 6.330662462907538)
(2.1886949087427836, 6.549812662775883)
(2.1880874016232186, 6.784598177458297)
(2.1893024158623486, 7.044035691571478)
(2.192148107106627, 7.337141889732133)
(2.192148107106627, 7.337141889732133)
(2.1928994974913523, 7.4182281031646)
(2.1928835104618907, 7.5474672493373225)
(2.1922919903717872, 7.712101678739439)
(2.1913167815745904, 7.899373741860085)
(2.1901497284238474, 8.09652578918839)
(2.1901497284238474, 8.09652578918839)
(2.188934714184717, 8.31748252338597)
(2.190021832188149, 8.496329421980015)
(2.1933151602573697, 8.633642018031168)
(2.1987187762156055, 8.729995844600072)
(2.2061367578860844, 8.785966434747364)
(2.2061367578860844, 8.785966434747364)
(2.2177753153345923, 8.862991942696421)
(2.213394869261939, 8.935988719220996)
(2.1952016297339147, 8.9980503675934)
(2.1654018068163046, 9.042270491085947)
(2.126201610574899, 9.061742692970952)
(2.126201610574899, 9.061742692970952)
(2.108919631726221, 9.062526057414601)
(2.091541730700769, 9.060335834378275)
(2.075410817973372, 9.055555712569067)
(2.0618698040188574, 9.048569380694069)
(2.052261599312053, 9.039760527460377)
(2.052261599312053, 9.039760527460377)
(2.044140188345236, 9.012438694109413)
(2.0366902326158334, 8.95068079929679)
(2.030103576477393, 8.856021597850885)
(2.024572064283459, 8.729995844600072)
(2.020287540387579, 8.574138294372723)
(2.020287540387579, 8.574138294372723)
(2.0179054729977057, 8.434955215874487)
(2.0156193277846053, 8.310544152599359)
(2.0135250269250524, 8.208962567396306)
(2.0117184925958207, 8.138267923114292)
(2.0102956469736806, 8.10651768260229)
(2.0102956469736806, 8.10651768260229)
(2.0107592708280855, 8.083400437999895)
(2.0120861942734507, 8.036686337911238)
(2.0141804951330053, 7.971555179882085)
(2.0169462512299723, 7.893186761458198)
(2.020287540387579, 7.806760880185346)
(2.020287540387579, 7.806760880185346)
(2.0260588580234464, 7.656211023739459)
(2.0290484325328846, 7.538562473926858)
(2.0293521860926673, 7.415254515684623)
(2.027066040879567, 7.247726433949842)
(2.0222859190703586, 6.997417513659596)
(2.0222859190703586, 6.997417513659596)
(2.020847086418757, 6.880296535819247)
(2.021326697302625, 6.773151464363335)
(2.0237247517219603, 6.682600929489225)
(2.028041249676764, 6.615263561394283)
(2.034276191167036, 6.577757990275875)
(2.034276191167036, 6.577757990275875)
(2.0404951456278466, 6.5513314305747965)
(2.0423016799570783, 6.526055936994999)
(2.039599871977961, 6.5002049103545625)
(2.0322937995137185, 6.472051751471564)
(2.020287540387579, 6.43986986116408)
(2.020287540387579, 6.43986986116408)
(2.008505099673911, 6.408727127771643)
(2.0018065343292335, 6.384011180223023)
(2.0, 6.36447503022017)
(2.0028936523326655, 6.348871689465026)
(2.0102956469736806, 6.335954169659539)
(2.0102956469736806, 6.335954169659539)
(2.018944629912752, 6.300558886430146)
(2.0257710914931257, 6.216818826106949)
(2.03087095389158, 6.082431856447386)
(2.0343401392848857, 5.895095845208891)
(2.036274569849816, 5.652508660148906)
(2.036274569849816, 5.652508660148906)
(2.038129065267435, 5.445284784259391)
(2.0410387046295626, 5.262808829977417)
(2.044619799229104, 5.11639961416225)
(2.048488660358965, 5.017375953673154)
(2.052261599312053, 4.977056665369393)
(2.052261599312053, 4.977056665369393)
(2.0570097470623376, 4.94423529388342)
(2.0614701282823016, 4.866042732783619)
(2.0653549764416246, 4.751303822333144)
(2.0683765250099886, 4.608843402795149)
(2.07024700745707, 4.4474863144327905)
(2.07024700745707, 4.4474863144327905)
(2.0720695288157653, 4.204659323930873)
(2.0766737933008894, 4.040584440559934)
(2.086361933155005, 3.9241828790453868)
(2.103436080620674, 3.82437585411264)
(2.1301983679404586, 3.7100845804871074)
(2.1301983679404586, 3.7100845804871074)
(2.1485035166747197, 3.6330430855085885)
(2.1644106109896453, 3.556577123590708)
(2.176960429117501, 3.4860583366327798)
(2.185193749290555, 3.426858366534116)
(2.1881513497410676, 3.3843488551940286)
(2.1881513497410676, 3.3843488551940286)
(2.2005093235153774, 3.270201464833656)
(2.2380948297810965, 3.1522171874023472)
(2.3016752459524126, 3.028957190248499)
(2.392017949443513, 2.898982640720512)
(2.509890317668588, 2.7608547061667843)
(2.509890317668588, 2.7608547061667843)
(2.5409051548253285, 2.725891072732872)
(2.572399602865934, 2.6878579296422096)
(2.601975607371073, 2.649920708728322)
(2.627235113921408, 2.6152448418247305)
(2.6457800680976025, 2.5869957607649567)
(2.6457800680976025, 2.5869957607649567)
(2.663413761594449, 2.560233473445172)
(2.686131330460289, 2.531648664766692)
(2.711822486806103, 2.503255700441758)
(2.73837694274288, 2.4770689461826154)
(2.7636844103816007, 2.455102767701501)
(2.7636844103816007, 2.455102767701501)
(2.8682715571235557, 2.3871099313986064)
(3.016695138650964, 2.3073186673525816)
(3.180370346285346, 2.2293499246652524)
(3.3307123713482225, 2.1668246524384425)
(3.439136405161115, 2.133363799773981)
(3.439136405161115, 2.133363799773981)
(3.4789281214926238, 2.1242032318921193)
(3.5195831374150925, 2.1118772321767336)
(3.5581278654485446, 2.097536866749108)
(3.591588718113006, 2.0823332017305205)
(3.616992107928502, 2.0674173032422534)
(3.616992107928502, 2.0674173032422534)
(3.6478310877611566, 2.047721282944778)
(3.6838498651395772, 2.0355071924356283)
(3.7374224008675334, 2.0291443547096577)
(3.820922655748797, 2.027002092761718)
(3.9467245905871406, 2.0274497295866607)
(3.9467245905871406, 2.0274497295866607)
(4.035660435485565, 2.0300716024184675)
(4.121047159843373, 2.0330771639573677)
(4.196937588700612, 2.036370492026589)
(4.257384547097331, 2.0398556644493557)
(4.2964408600735755, 2.0434367590488978)
(4.2964408600735755, 2.0434367590488978)
(4.327199904758919, 2.0455790209968376)
(4.358822249035224, 2.044747695464801)
(4.390252748957983, 2.0408468602760146)
(4.420436260582685, 2.033780593253706)
(4.448317639964827, 2.0234529722211017)
(4.448317639964827, 2.0234529722211017)
(4.491130904864698, 2.010647361621849)
(4.5553348151850415, 2.0030215485683622)
(4.656085074856059, 2.0)
(4.808537387807952, 2.001007182856121)
(5.027847457970919, 2.005467564076085)
(5.027847457970919, 2.005467564076085)
(5.2759821422543, 2.0114627001244236)
(5.46713905353427, 2.0150597817534273)
(5.6095674990133375, 2.016258808963094)
(5.7115167858940215, 2.0150597817534273)
(5.781236221378839, 2.0114627001244236)
(5.781236221378839, 2.0114627001244236)
(5.879764283954606, 2.0151557039302004)
(6.039970306195682, 2.0299756802416944)
(6.217058631548882, 2.05074283151314)
(6.366233603461018, 2.0722773601987727)
(6.442699565378896, 2.0893994687528292)
(6.442699565378896, 2.0893994687528292)
(6.461468337967562, 2.09755285377857)
(6.483498464566524, 2.102828573501109)
(6.507734801231276, 2.105226627920444)
(6.5331222040173085, 2.104747017036577)
(6.558605528980115, 2.101389740849507)
(6.558605528980115, 2.101389740849507)
(6.605079823626837, 2.097185152100938)
(6.690594444220345, 2.0922131859381836)
(6.806228628320705, 2.087145297598654)
(6.94306161348799, 2.082652942319765)
(7.0921726372822755, 2.079407575338931)
(7.0921726372822755, 2.079407575338931)
(7.245360353589432, 2.075634636385843)
(7.393464194527595, 2.0717657752559826)
(7.5261245650052375, 2.0681846806564406)
(7.63298186993083, 2.0652750412943135)
(7.703676514212842, 2.063420545876694)
(7.703676514212842, 2.063420545876694)
(7.90327457704887, 2.0576492282408267)
(8.15467061534255, 2.054659653731388)
(8.415179260429703, 2.0543559001716054)
(8.642115143646155, 2.056642045384706)
(8.79279289632774, 2.0614221671939146)
(8.79279289632774, 2.0614221671939146)
(8.903375179118031, 2.0690160061884773)
(8.978178489971839, 2.0722933472282348)
(9.03466066506192, 2.0707745794293237)
(9.090279540561045, 2.063980091907872)
(9.16249295264197, 2.0514302737800163)
(9.16249295264197, 2.0514302737800163)
(9.210885690824163, 2.0440922272568502)
(9.266664436617909, 2.0368501029104555)
(9.325224925538082, 2.030279433801477)
(9.381962893099562, 2.0249557529905524)
(9.43227407481722, 2.021454593538322)
(9.43227407481722, 2.021454593538322)
(9.478796330552331, 2.0188806817949025)
(9.522920531868106, 2.0162108478747087)
(9.561769013461339, 2.013828780484835)
(9.592464110028835, 2.012118168332376)
(9.612128156267387, 2.0114627001244236)
(9.612128156267387, 2.0114627001244236)
(9.725444221095723, 2.011782440713668)
(9.922979957131123, 2.018337122793185)
(10.156582431633332, 2.0287286919436402)
(10.378098711862087, 2.040559093745696)
(10.539375865077135, 2.0514302737800163)
(10.539375865077135, 2.0514302737800163)
(10.612324680513323, 2.0581128520952316)
(10.688438927783034, 2.0636443642891655)
(10.762251042810181, 2.067832966008271)
(10.82829346151868, 2.070486812899003)
(10.88109861983245, 2.0714140606078124)
(10.88109861983245, 2.0714140606078124)
(10.92834029189336, 2.072549139699632)
(10.98085768367681, 2.0756985845036926)
(11.034334297227993, 2.080478706312901)
(11.084453634592107, 2.0865058164201638)
(11.126899197814344, 2.0933962261183883)
(11.126899197814344, 2.0933962261183883)
(11.175659637674167, 2.100814207788867)
(11.213868638088915, 2.103819769327768)
(11.244883475245656, 2.1023169885583166)
(11.272061425331456, 2.0962099433037427)
(11.298759764533393, 2.0854027113872697)
(11.298759764533393, 2.0854027113872697)
(11.324994479880925, 2.074579492441335)
(11.355641615360032, 2.0683605379805248)
(11.394154369334563, 2.066554003651293)
(11.443985940168355, 2.06896804510009)
(11.508589526225254, 2.075410817973372)
(11.508589526225254, 2.075410817973372)
(11.573640749107096, 2.0811661485797774)
(11.649627100141107, 2.084043813882979)
(11.734054602731185, 2.084043813882979)
(11.82442928028121, 2.0811661485797774)
(11.918257156195077, 2.075410817973372)
(11.918257156195077, 2.075410817973372)
(12.012468720816042, 2.068696265599233)
(12.095937001638381, 2.0653389894121625)
(12.168470154308551, 2.0653389894121625)
(12.229876334473001, 2.068696265599233)
(12.279963697778191, 2.075410817973372)
(12.279963697778191, 2.075410817973372)
(12.324727380272453, 2.0819015519350392)
(12.368531840998983, 2.0846513210025446)
(12.412336301725512, 2.08375604735266)
(12.457099984219775, 2.0793116531621583)
(12.503782110249508, 2.0714140606078124)
(12.503782110249508, 2.0714140606078124)
(12.54215098095888, 2.065211093176464)
(12.580999462552112, 2.061118413634132)
(12.617449889726013, 2.0593278663343617)
(12.648624597177376, 2.0600312956307)
(12.671645919602998, 2.063420545876694)
(12.671645919602998, 2.063420545876694)
(12.696201996856995, 2.0665859777102167)
(12.733803490152173, 2.06668189988699)
(12.780709434594376, 2.0639960789373335)
(12.833178865289442, 2.05881628139157)
(12.887470817343198, 2.0514302737800163)
(12.887470817343198, 2.0514302737800163)
(12.962609855815712, 2.041838056102674)
(13.038228505172095, 2.037041947264003)
(13.123439372205816, 2.037041947264003)
(13.227355063710357, 2.041838056102674)
(13.35908818647919, 2.0514302737800163)
(13.35908818647919, 2.0514302737800163)
(13.485641511702257, 2.0590880608924285)
(13.651618851579203, 2.065211093176464)
(13.842248190886917, 2.069703448455354)
(14.042757514402293, 2.0724692045523208)
(14.238374806902225, 2.073412439290592)
(14.238374806902225, 2.073412439290592)
(14.660080670057113, 2.0712701773426523)
(15.084951965045525, 2.069703448455354)
(15.464835759127201, 2.0688081748054676)
(15.751579119561885, 2.068680278569769)
(15.897029113609317, 2.069415681925033)
(15.897029113609317, 2.069415681925033)
(15.959506424747739, 2.069607526278579)
(16.06591609284839, 2.0675931605663376)
(16.224219658583458, 2.0630848182579875)
(16.44237866262515, 2.0557947328232076)
(16.728354645645645, 2.0454351377316775)
(16.728354645645645, 2.0454351377316775)
(16.78870568186559, 2.0430370833123424)
(16.84905671808553, 2.040639028893007)
(16.909407754305477, 2.03824097447367)
(16.969758790525418, 2.0358429200543346)
(17.030109826745367, 2.0334448656349995)
(17.030109826745367, 2.0334448656349995)
(17.03650463853026, 2.0450354619951217)
(17.042899450315154, 2.056626058355244)
(17.04929426210005, 2.068216654715364)
(17.055689073884945, 2.079807251075487)
(17.062083885669843, 2.091397847435609)
(17.062083885669843, 2.091397847435609)
(17.08990131693413, 2.162396245277404)
(17.08990131693413, 2.2421235612055797)
(17.059206220366637, 2.339308713306518)
(16.994938361928444, 2.4626806196666022)
(16.89422007631635, 2.62096819837221)
(16.89422007631635, 2.62096819837221)
(16.77928932151233, 2.7948910918918872)
(16.685557367775235, 2.9399414102027634)
(16.615518191701174, 3.052186344057129)
(16.57166576988626, 3.1276930842072757)
(16.556494078926598, 3.1625288214054894)
(16.556494078926598, 3.1625288214054894)
(16.553552465505543, 3.173767703117442)
(16.545431054538724, 3.1920089037338553)
(16.53318498997065, 3.215621746249579)
(16.51786941574583, 3.242975553659467)
(16.500539475808765, 3.272439648958369)
(16.500539475808765, 3.272439648958369)
(16.480635624128283, 3.305213059355954)
(16.46025216156393, 3.343741800359947)
(16.440827920767312, 3.384668595783273)
(16.42380173439003, 3.424636169438865)
(16.41061243508368, 3.4602872451396545)
(16.41061243508368, 3.4602872451396545)
(16.394401587208975, 3.5008143648264243)
(16.371092498253034, 3.5523725348421396)
(16.342699533928098, 3.610645257231993)
(16.311237059946418, 3.6713160340411837)
(16.278719442020225, 3.730068367314904)
(16.278719442020225, 3.730068367314904)
(16.24166150772676, 3.796078811964481)
(16.197601254528834, 3.8768612718371647)
(16.150087802967064, 3.9656052723820414)
(16.102670273582074, 4.055500339048201)
(16.058897786914468, 4.139735997284728)
(16.058897786914468, 4.139735997284728)
(16.019297914936505, 4.216921375528408)
(15.981424642140468, 4.287200357044403)
(15.947963789476004, 4.346064599524357)
(15.921601177892777, 4.389005760659927)
(15.905022628340436, 4.411515498142757)
(15.905022628340436, 4.411515498142757)
(15.86652586139537, 4.469548415090678)
(15.812873390520103, 4.567868646283435)
(15.75768616481646, 4.679138371340605)
(15.714585133386269, 4.776019769881761)
(15.697191245331355, 4.831175021526479)
(15.697191245331355, 4.831175021526479)
(15.694905100118255, 4.845339529630021)
(15.688494301303896, 4.862957236097407)
(15.678630304125697, 4.882685230453807)
(15.665984563821068, 4.903180602224396)
(15.651228535627423, 4.923100440934342)
(15.651228535627423, 4.923100440934342)
(15.634442154692076, 4.945642152476095)
(15.616216941105124, 4.975378027275857)
(15.597991727518176, 5.009430400030421)
(15.581205346582824, 5.044921605436588)
(15.567296630950679, 5.0789739781911525)
(15.567296630950679, 5.0789739781911525)
(15.552716460081118, 5.115840068131073)
(15.534107557787074, 5.157118578202568)
(15.51319652325047, 5.1995481543953455)
(15.49170995565322, 5.239867442699106)
(15.471374454177257, 5.274815089103557)
(15.471374454177257, 5.274815089103557)
(15.45059131587635, 5.3132159338718505)
(15.427889734039972, 5.360921229787165)
(15.405188152203594, 5.413806323248245)
(15.384405013902686, 5.467746560653833)
(15.367458762672717, 5.518617288402671)
(15.367458762672717, 5.518617288402671)
(15.348737951172437, 5.570671056331715)
(15.327043552192182, 5.621861524669797)
(15.303718476206775, 5.669406950290491)
(15.280105633691054, 5.710525590067364)
(15.257547935119836, 5.74243570087399)
(15.257547935119836, 5.74243570087399)
(15.234670495959374, 5.773722317531588)
(15.208339858435071, 5.814792996220074)
(15.180858154789485, 5.8620026942220615)
(15.154527517265182, 5.911706368820155)
(15.13165007810472, 5.960258977296969)
(15.13165007810472, 5.960258977296969)
(15.108245066972007, 6.008140130536369)
(15.08253792359673, 6.056021283775769)
(15.05654301369113, 6.100545160828099)
(15.032274702967456, 6.138354485506289)
(15.011747357137942, 6.166091981623271)
(15.011747357137942, 6.166091981623271)
(14.994625248583889, 6.188122108222235)
(14.979805272272392, 6.20996039046765)
(14.96815072779442, 6.22997615135437)
(14.960524914740935, 6.246538713877248)
(14.957791132702893, 6.258017401031134)
(14.957791132702893, 6.258017401031134)
(14.948438720467482, 6.301869822846051)
(14.923259149064458, 6.36519444654597)
(14.886568916448628, 6.439166431867742)
(14.842684520574785, 6.5149609385482075)
(14.795922459397742, 6.583753126324213)
(14.795922459397742, 6.583753126324213)
(14.768888392577098, 6.622633581976374)
(14.741758403579684, 6.6693796561239544)
(14.716355013764188, 6.7198666951657)
(14.69450074448931, 6.769970045500351)
(14.678018117113744, 6.81556505352665)
(14.678018117113744, 6.81556505352665)
(14.663134192684401, 6.858362331397059)
(14.64575629165895, 6.902790286272616)
(14.62722732451222, 6.945203875435931)
(14.60889020171903, 6.9819580561696135)
(14.59208783375422, 7.009407785756274)
(14.59208783375422, 7.009407785756274)
(14.575988895085747, 7.0344594609236)
(14.559698112063726, 7.0625806457476745)
(14.544462472986215, 7.09156513016271)
(14.531528966151267, 7.119206704102918)
(14.522144579856933, 7.1432991575025095)
(14.522144579856933, 7.1432991575025095)
(14.512072751295722, 7.167551481196724)
(14.497204813895845, 7.197750979850888)
(14.478979600308893, 7.231211832515351)
(14.458835943186473, 7.265248218240454)
(14.43821267518019, 7.29717431607654)
(14.43821267518019, 7.29717431607654)
(14.416006691257143, 7.3316263645676605)
(14.391498575091532, 7.372792965432922)
(14.366702692395604, 7.417316842485252)
(14.343633408881596, 7.461840719537581)
(14.32430509026175, 7.503007320402842)
(14.32430509026175, 7.503007320402842)
(14.30731087794339, 7.5406887488453345)
(14.288590066443113, 7.577602799873641)
(14.269773332766059, 7.611063652538102)
(14.252491353917382, 7.6383854858890645)
(14.238374806902225, 7.656882478976874)
(14.238374806902225, 7.656882478976874)
(14.227247834396511, 7.672230027260622)
(14.21602493971402, 7.690934851731439)
(14.205569422445718, 7.711558119737724)
(14.19674458218256, 7.732660998627877)
(14.190413718515515, 7.752804655750296)
(14.190413718515515, 7.752804655750296)
(14.182931788727187, 7.774930704526032)
(14.170845594453738, 7.803675383499134)
(14.155306201816444, 7.836544716073494)
(14.137464676936588, 7.871044725653)
(14.118472085935448, 7.904681435641548)
(14.118472085935448, 7.904681435641548)
(14.099191728403992, 7.935728246857212)
(14.08269311399896, 7.965048458890954)
(14.069839542311325, 7.990435861676987)
(14.061494312932034, 8.00968424514952)
(14.058520725452059, 8.020587399242766)
(14.058520725452059, 8.020587399242766)
(14.056474385680895, 8.02832512150249)
(14.050783003192338, 8.038844586888642)
(14.042118033223803, 8.051090651456715)
(14.03115093101271, 8.064008171262202)
(14.018553151796468, 8.076542002360595)
(14.018553151796468, 8.076542002360595)
(14.003909032809059, 8.09344029250218)
(13.987250548109406, 8.118683812023052)
(13.969920608172343, 8.150066350857426)
(13.95326212347269, 8.185381698939505)
(13.938618004485281, 8.22242364620351)
(13.938618004485281, 8.22242364620351)
(13.88972966838976, 8.328049949860507)
(13.80266430593842, 8.502452454264052)
(13.702073916562021, 8.697382304497108)
(13.612610499691344, 8.864590645642647)
(13.558926054757153, 8.955828622783631)
(13.558926054757153, 8.955828622783631)
(13.53125250675802, 9.003166217021317)
(13.477104437969425, 9.10239770889342)
(13.400222813285527, 9.246904468202581)
(13.304348597600491, 9.43006786475143)
(13.193222755808481, 9.645269268342604)
(13.193222755808481, 9.645269268342604)
(13.134422461446372, 9.758713229406638)
(13.078212065857148, 9.864099727621703)
(13.028620300465287, 9.95433052190657)
(12.98967589669528, 10.022307371180002)
(12.965407585971603, 10.060932034360766)
(12.965407585971603, 10.060932034360766)
(12.914968508018246, 10.142865560354732)
(12.841508107639266, 10.27707667269021)
(12.764690431073216, 10.425676111541705)
(12.70417952455865, 10.550774617083711)
(12.679639434334117, 10.614482929490723)
(12.679639434334117, 10.614482929490723)
(12.67738526317994, 10.622908094017323)
(12.671198282778054, 10.635361989968406)
(12.66194179271942, 10.650597629045917)
(12.650479092594995, 10.667368022951804)
(12.637673481995744, 10.68442618338801)
(12.637673481995744, 10.68442618338801)
(12.575052287592163, 10.768054334504972)
(12.505045085577025, 10.870962843153391)
(12.431776529551595, 10.98701269001977)
(12.359371273117123, 11.11006485579061)
(12.291953969874868, 11.233980321152409)
(12.291953969874868, 11.233980321152409)
(12.2505795376266, 11.309790814862335)
(12.20556006266094, 11.387231985577413)
(12.160444665518504, 11.460740347044778)
(12.118782466739916, 11.524752413011576)
(12.084122586865787, 11.573704697224946)
(12.084122586865787, 11.573704697224946)
(12.034802600974785, 11.641825429763536)
(11.99747288718046, 11.699011034149958)
(11.972613056366685, 11.743918599909382)
(11.960702719417316, 11.775205216566981)
(11.96222148721623, 11.791527973647925)
(11.96222148721623, 11.791527973647925)
(12.010997914105513, 11.800688541529787)
(12.115505125700158, 11.804381545335564)
(12.248980834680374, 11.802894751595575)
(12.38466275372638, 11.79651592684014)
(12.495788595518391, 11.785532837599586)
(12.495788595518391, 11.785532837599586)
(12.578249693484608, 11.774517774300103)
(12.640375289974864, 11.77127240731927)
(12.69923953245482, 11.777331491485459)
(12.771916568390147, 11.794229781627044)
(12.87548054524652, 11.8235020325724)
(12.87548054524652, 11.8235020325724)
(12.987389751482178, 11.857202690678793)
(13.066685417614876, 11.88495617382524)
(13.124398593973549, 11.911846357380721)
(13.171560330887148, 11.942957116714233)
(13.219201678684616, 11.983372327194768)
(13.219201678684616, 11.983372327194768)
(13.245132640472365, 12.005993973883834)
(13.286602994897406, 12.042524336205046)
(13.339488088358486, 12.089126527087467)
(13.399663267254347, 12.141963659460162)
(13.46300387798373, 12.197198846252189)
(13.46300387798373, 12.197198846252189)
(13.595888066873844, 12.324007963946654)
(13.730882543652976, 12.472111804884815)
(13.85379082615865, 12.623956610717144)
(13.950416432228414, 12.761988623094098)
(14.00656287969979, 12.868654083666144)
(14.00656287969979, 12.868654083666144)
(14.020599491567632, 12.907774344760236)
(14.042118033223803, 12.966270885562563)
(14.069008216779286, 13.03858021982026)
(14.099159754345065, 13.119138861280472)
(14.130462358032126, 13.202383323690341)
(14.130462358032126, 13.202383323690341)
(14.161045545393385, 13.286555033809021)
(14.1914368884011, 13.369767522159965)
(14.219526099166247, 13.44626545813677)
(14.24320288979982, 13.510293511133026)
(14.260356972412803, 13.556096350542337)
(14.260356972412803, 13.556096350542337)
(14.287375052203984, 13.646359118886126)
(14.30959702315649, 13.750626525038834)
(14.325104441734862, 13.856524608196693)
(14.331978864403624, 13.951679407555927)
(14.32830184762731, 14.023716962312768)
(14.32830184762731, 14.023716962312768)
(14.323777518289498, 14.049967664689763)
(14.319924644189099, 14.079287876723507)
(14.316935069679658, 14.10947138834821)
(14.315000639114727, 14.138311989498083)
(14.314313196847852, 14.163603470107343)
(14.314313196847852, 14.163603470107343)
(14.302594704252034, 14.222675543970308)
(14.272842842422808, 14.281268006949405)
(14.229565953668535, 14.3341051393221)
(14.177272380297557, 14.37591122136585)
(14.120470464618228, 14.401410533358119)
(14.120470464618228, 14.401410533358119)
(13.974572833745853, 14.419188110120128)
(13.718748388291138, 14.434759476816346)
(13.424363227773505, 14.445438812497118)
(13.16278345171238, 14.448540296212796)
(13.005375159627196, 14.441378107013712)
(13.005375159627196, 14.441378107013712)
(12.928461560884374, 14.432345435367546)
(12.808287060416738, 14.423792374605252)
(12.623652857157364, 14.414759702959088)
(12.353360150039318, 14.404288198661323)
(11.976210137995688, 14.39141863994422)
(11.976210137995688, 14.39141863994422)
(11.929847752555197, 14.389819936997998)
(11.883485367114712, 14.388221234051773)
(11.837122981674224, 14.38662253110555)
(11.790760596233739, 14.385023828159325)
(11.74439821079325, 14.383425125213103)
(11.74439821079325, 14.383425125213103)
(11.72881085706757, 14.39821312746567)
(11.713223503341887, 14.41300112971824)
(11.697636149616207, 14.427789131970812)
(11.682048795890525, 14.44257713422338)
(11.666461442164845, 14.457365136475948)
(11.666461442164845, 14.457365136475948)
(11.495064499300202, 14.621887656671829)
(11.375369609716431, 14.740463454193243)
(11.29481096825622, 14.82613794508137)
(11.240822769762246, 14.891956545377399)
(11.200839209077191, 14.950964671122517)
(11.200839209077191, 14.950964671122517)
(11.111743493884143, 15.060939446793244)
(10.96720476051606, 15.207748338344967)
(10.803865280500386, 15.357722661730213)
(10.658367325364564, 15.47719373290151)
(10.56735316663605, 15.532492867811388)
(10.56735316663605, 15.532492867811388)
(10.545850612009339, 15.540902045308526)
(10.520990781195561, 15.555642086472709)
(10.49469211773018, 15.575370080829108)
(10.468873065148667, 15.598743117902899)
(10.445452066986492, 15.624418287219251)
(10.445452066986492, 15.624418287219251)
(10.422670550002804, 15.64843080547153)
(10.400848254786851, 15.669277891890289)
(10.38142401399023, 15.68571255817747)
(10.36583666026455, 15.696487816035017)
(10.35552502626141, 15.700356677164878)
(10.35552502626141, 15.700356677164878)
(10.340401296390134, 15.703985732852807)
(10.313670983129272, 15.714041574384552)
(10.278115829605255, 15.729277213462064)
(10.236517578944516, 15.748445661787287)
(10.191657974273479, 15.770299931062164)
(10.191657974273479, 15.770299931062164)
(10.141522649879905, 15.793081448045852)
(10.087454516238617, 15.814903743261805)
(10.033674149127652, 15.834327984058426)
(9.98440212432504, 15.849915337784106)
(9.943859017608805, 15.860226971787247)
(9.943859017608805, 15.860226971787247)
(9.882772578033599, 15.870778411232326)
(9.820151383630014, 15.876054130954863)
(9.731918968027927, 15.876054130954863)
(9.593998864857209, 15.870778411232326)
(9.38231460774773, 15.860226971787247)
(None, None)
(9.182476739469767, 15.63840693799871)
(None, None)
(9.178368072897971, 15.623123337832812)
(9.166873398714621, 15.6024680957676)
(9.149239705217777, 15.578263733161775)
(9.126713980705482, 15.552332771374024)
(9.100543213475802, 15.52649773176305)
(9.100543213475802, 15.52649773176305)
(9.03921696845866, 15.462869354503345)
(8.988825851593688, 15.395404090172706)
(8.948314718936382, 15.322183495235661)
(8.916628426542228, 15.241289126156742)
(8.89271183046672, 15.15080253940048)
(8.89271183046672, 15.15080253940048)
(8.882751911111747, 15.106838208379328)
(8.872504225226454, 15.067669986196847)
(8.862640228048251, 15.035695927272373)
(8.85383137481456, 15.013314086025243)
(8.846749120762789, 15.002922516874786)
(8.846749120762789, 15.002922516874786)
(8.830889987536251, 14.972195446248367)
(8.81387978818843, 14.90866299116544)
(8.798404343668986, 14.826521633788461)
(8.787149474927569, 14.739967856279911)
(8.78280100291384, 14.663198140802251)
(8.78280100291384, 14.663198140802251)
(8.78142611838009, 14.626731726598889)
(8.777557257250228, 14.58009756165754)
(8.77157810823135, 14.527516221756244)
(8.763872360030554, 14.473208282673026)
(8.754823701354926, 14.421394320185914)
(8.754823701354926, 14.421394320185914)
(8.739508127130101, 14.309325243655634)
(8.729660116981364, 14.163203794370785)
(8.725471515262258, 13.991183357357116)
(8.727134166326332, 13.801417317640365)
(8.734839914527129, 13.602059060246267)
(8.734839914527129, 13.602059060246267)
(8.742497701639543, 13.46370730728007)
(8.746222679504243, 13.34079902477439)
(8.74591892594446, 13.19314282066117)
(8.741490518783419, 12.980547302872342)
(8.73284153584435, 12.662821079339842)
(8.73284153584435, 12.662821079339842)
(8.727869569681596, 12.456508464129675)
(8.722801681342066, 12.22621530472615)
(8.718021559532858, 11.990166814716218)
(8.713912892961062, 11.766588207686835)
(8.710859370333775, 11.573704697224946)
(8.710859370333775, 11.573704697224946)
(8.705231935963067, 11.18953637924739)
(8.699892268122682, 10.925270782236613)
(8.694168911575197, 10.760764249070194)
(8.687390411083209, 10.675873122625712)
(8.6788853114093, 10.650453745780757)
(8.6788853114093, 10.650453745780757)
(8.657414730841515, 10.64941458886571)
(8.634217551091808, 10.65796764962801)
(8.609965227397598, 10.675633317183781)
(8.585329214996289, 10.70193198064916)
(8.560980969125303, 10.73638402914028)
(8.560980969125303, 10.73638402914028)
(8.491661209377042, 10.804328904354788)
(8.362294166968619, 10.903928097904526)
(8.211632401316496, 11.008323400292932)
(8.07842847183714, 11.090656602023454)
(8.001434937947007, 11.124069493599528)
(8.001434937947007, 11.124069493599528)
(7.986007454515949, 11.127474730874985)
(7.962906196943014, 11.136923065287169)
(7.934529219647545, 11.151263430714794)
(7.90327457704887, 11.169344761036585)
(7.871540323566331, 11.190015990131256)
(7.871540323566331, 11.190015990131256)
(7.837663808135852, 11.211838285347211)
(7.802444382230544, 11.233180969679298)
(7.768376022446516, 11.252605210475913)
(7.737952705379878, 11.268672175085463)
(7.71366840762674, 11.279943030856339)
(7.71366840762674, 11.279943030856339)
(7.628569449799251, 11.303795678813996)
(7.498099302357937, 11.33119744731227)
(7.351226462688364, 11.357064460982173)
(7.2169194281761095, 11.376312844454704)
(7.12414669620675, 11.38385872236088)
(7.12414669620675, 11.38385872236088)
(7.091756974516256, 11.384977814423236)
(7.056393665345788, 11.388015350021062)
(7.020838511821774, 11.392491718270488)
(6.9878732570706426, 11.39792730828765)
(6.96027964421882, 11.403842509188676)
(6.96027964421882, 11.403842509188676)
(6.926962674819517, 11.411244503829693)
(6.894700849364722, 11.414138156162357)
(6.860712424728007, 11.412331621833124)
(6.822215657782942, 11.405633056488448)
(6.776428805403095, 11.39385061577478)
(6.776428805403095, 11.39385061577478)
(6.704375263616791, 11.378423132343721)
(6.627813379522138, 11.372587866590004)
(6.55470469379133, 11.375865207629761)
(6.493010747096555, 11.387775544579126)
(6.450693080110015, 11.407839266554236)
(6.450693080110015, 11.407839266554236)
(6.443115228144915, 11.420836721507037)
(6.435153687472721, 11.446112215086831)
(6.4273839911540716, 11.481075848520742)
(6.420381672249614, 11.52313772303589)
(6.414722263819981, 11.569707939859386)
(6.414722263819981, 11.569707939859386)
(6.41005405121701, 11.623568242117662)
(6.403755161608888, 11.685965618108773)
(6.396592972409804, 11.752008036817275)
(6.38933486103395, 11.81680346722772)
(6.382748204895507, 11.87545987832467)
(6.382748204895507, 11.87545987832467)
(6.374594819869767, 11.94557898954604)
(6.371717154566563, 12.004283361731375)
(6.3741152089859, 12.057903858547718)
(6.381788983127774, 12.112771343662116)
(6.394738476992186, 12.175216680741613)
(6.394738476992186, 12.175216680741613)
(6.408039685504768, 12.247717859352859)
(6.4172162404160895, 12.340842305970387)
(6.42293959696357, 12.469457957994084)
(6.425881210384625, 12.648432752823828)
(6.426712535916659, 12.8926346278595)
(6.426712535916659, 12.8926346278595)
(6.425865223355159, 13.455410038989168)
(6.427128198682678, 13.798235898777378)
(6.432611749788223, 13.985571910015873)
(6.444426164560817, 14.081877775496386)
(6.464681730889472, 14.151613198010665)
(6.464681730889472, 14.151613198010665)
(6.478382615138609, 14.202196159229183)
(6.488438456670358, 14.25412203092253)
(6.495041099838258, 14.308733723565531)
(6.498382388995867, 14.367374147633019)
(6.498654168496726, 14.431386213599813)
(6.498654168496726, 14.431386213599813)
(6.497726920787916, 14.510633918644125)
(6.50274684803906, 14.56992981091956)
(6.5182222925585025, 14.625772504831156)
(6.548661596654602, 14.694660614783935)
(6.598573102635707, 14.793092755182926)
(6.598573102635707, 14.793092755182926)
(6.668963993357937, 14.919086534374818)
(6.737244596191151, 15.014960750059851)
(6.8228871130203546, 15.099995759769488)
(6.945363745730553, 15.193471921035192)
(7.12414669620675, 15.314669591388409)
(7.12414669620675, 15.314669591388409)
(7.162915242652674, 15.341367930590346)
(7.205041065285668, 15.371903156863217)
(7.247166887918662, 15.403877215787691)
(7.285935434364586, 15.43489205294443)
(7.317989428436373, 15.462549613914101)
(7.317989428436373, 15.462549613914101)
(7.392664843054483, 15.51672965676162)
(7.485661393436316, 15.562180781522763)
(7.587482784081303, 15.595929400717546)
(7.688632719488877, 15.615001926865995)
(7.779614904158468, 15.616424772488132)
(7.779614904158468, 15.616424772488132)
(7.822731922618119, 15.613994744009872)
(7.885704831669872, 15.613770925597402)
(7.9624905341769985, 15.615561472897172)
(8.04704593300277, 15.619174541555639)
(8.133327931010463, 15.624418287219251)
(8.133327931010463, 15.624418287219251)
(8.22629250733337, 15.630813099004147)
(8.327410468682022, 15.637687521672907)
(8.429008040914534, 15.64456194434167)
(8.523411449889046, 15.650956756126567)
(8.602946921463674, 15.656392346143726)
(8.602946921463674, 15.656392346143726)
(8.678821363291453, 15.661124506864548)
(8.762945112321743, 15.665472978878276)
(8.848699538357183, 15.669054073477817)
(8.929466011200404, 15.671484101956077)
(8.99862590065404, 15.672379375605964)
(8.99862590065404, 15.672379375605964)
(9.08143871326843, 15.673642350933479)
(9.134995261966921, 15.67193173878102)
(9.165530488239796, 15.666192395204078)
(9.17927933357732, 15.65536917625814)
(9.182476739469767, 15.63840693799871)
(None, None)
(10.013802271506092, 15.658390724826505)
(None, None)
(10.021396110500653, 15.65205986115946)
(10.038102556288692, 15.643235020896302)
(10.062003165334739, 15.632779503628)
(10.091179494103319, 15.62155660894551)
(10.123713099058971, 15.610429636439795)
(10.123713099058971, 15.610429636439795)
(10.223200383402473, 15.573323741057944)
(10.312903605715086, 15.527488927589706)
(10.407019248159274, 15.463237056180976)
(10.519743792897506, 15.370879986977636)
(10.66527372209225, 15.240729580125564)
(10.66527372209225, 15.240729580125564)
(10.698526743373703, 15.211297458885586)
(10.729861321119689, 15.184167469888168)
(10.757359011794735, 15.161162134492008)
(10.779101371863376, 15.1441039740558)
(10.793169957790147, 15.134815509938242)
(10.793169957790147, 15.134815509938242)
(10.804632657914572, 15.125303227408212)
(10.821083311231215, 15.107637559852439)
(10.840795318558152, 15.083736950806397)
(10.862042080713463, 15.055519843805547)
(10.88309699851523, 15.024904682385364)
(10.88309699851523, 15.024904682385364)
(10.908804141890506, 14.98950939915597)
(10.941033993286378, 14.94797509661308)
(10.977196653929957, 14.903754973120531)
(11.014702225048365, 14.86030222704217)
(11.05096080786872, 14.82107005674184)
(11.05096080786872, 14.82107005674184)
(11.085780558037474, 14.782301510295916)
(11.121367685620411, 14.740175687662923)
(11.155132291844657, 14.698049865029928)
(11.184484477937325, 14.659281318584004)
(11.20683434512553, 14.627227324512218)
(11.20683434512553, 14.627227324512218)
(11.228512757076324, 14.597667307036541)
(11.256042421810296, 14.565805157318302)
(11.287121207084883, 14.53413485195361)
(11.31944698065753, 14.505150367538576)
(11.350717610285663, 14.481345680669305)
(11.350717610285663, 14.481345680669305)
(11.379254457875758, 14.460706425633557)
(11.403954418394912, 14.440450859304901)
(11.423378659191531, 14.421921892158167)
(11.436088347614008, 14.406462434668187)
(11.440644651010746, 14.39541539730978)
(11.440644651010746, 14.39541539730978)
(11.467039236652901, 14.360915387730275)
(11.531898615181197, 14.31557617217537)
(11.613736218998387, 14.271100256211424)
(11.691065480507227, 14.239190145404802)
(11.74239983211047, 14.231548345321851)
(11.74239983211047, 14.231548345321851)
(11.844317144932232, 14.243426708212292)
(12.018655701217925, 14.252235561445987)
(12.233761182632325, 14.257303449785516)
(12.4579792708402, 14.257958917993466)
(12.65965564750632, 14.253530510832427)
(12.65965564750632, 14.253530510832427)
(12.748959194082376, 14.250476988205138)
(12.870492592054303, 14.246368321633343)
(13.013320713269929, 14.241588199824134)
(13.166508429577082, 14.236520311484606)
(13.319120612823598, 14.231548345321851)
(13.319120612823598, 14.231548345321851)
(13.463083813131043, 14.227008028954574)
(13.592179076038605, 14.223043245647942)
(13.698253016520548, 14.219749917578719)
(13.77315224955113, 14.217223966923687)
(13.808723390104607, 14.215561315859613)
(13.808723390104607, 14.215561315859613)
(13.825877472717588, 14.216248758126488)
(13.84955426335116, 14.21818318869142)
(13.877643474116308, 14.22117276320086)
(13.908034817124022, 14.22502563730126)
(13.938618004485281, 14.229549966639071)
(13.938618004485281, 14.229549966639071)
(13.97770629152045, 14.234745751214298)
(14.00816158264601, 14.235625037834723)
(14.032861543165168, 14.231708215616473)
(14.054683838381123, 14.222515673675685)
(14.076506133597077, 14.207567801128494)
(14.076506133597077, 14.207567801128494)
(14.097049466456053, 14.189134756158536)
(14.108959803405417, 14.170893555542122)
(14.113196366212911, 14.1472807130264)
(14.110718376646265, 14.112732742358505)
(14.102485056473212, 14.061686157285582)
(14.102485056473212, 14.061686157285582)
(14.095067074802735, 14.016187071436056)
(14.092061513263832, 13.981143502854833)
(14.093564294033284, 13.954061474945803)
(14.099671339287859, 13.932447011112858)
(14.11047857120433, 13.91380613475989)
(14.11047857120433, 13.91380613475989)
(14.119527229879957, 13.89895418438947)
(14.127232978080755, 13.881800101776491)
(14.13321212709963, 13.863878641749324)
(14.137080988229492, 13.846724559136344)
(14.138455872763245, 13.831872608765925)
(14.138455872763245, 13.831872608765925)
(14.129327278940309, 13.761689549426702)
(14.105714436424583, 13.658413339100655)
(14.073276753645704, 13.542667245794059)
(14.0376736390333, 13.435074537513202)
(14.00456450101701, 13.356258482264373)
(14.00456450101701, 13.356258482264373)
(13.988017925523593, 13.319264496088756)
(13.970512128262444, 13.273253825296438)
(13.953485941885164, 13.22215927913513)
(13.938378199043347, 13.169913666852539)
(13.926627732388605, 13.120449797696377)
(13.926627732388605, 13.120449797696377)
(13.914125875349136, 13.073783658696106)
(13.89903411953678, 13.02721344187261)
(13.882599453249606, 12.984192345589733)
(13.86606886478565, 12.94817356821131)
(13.850689342442978, 12.922610308101195)
(13.850689342442978, 12.922610308101195)
(13.83241616776764, 12.896343618694738)
(13.805701841536242, 12.858278501545154)
(13.773136262521664, 12.811964077193052)
(13.737309329496792, 12.760949466179053)
(13.700810941234506, 12.708783789043775)
(13.700810941234506, 12.708783789043775)
(13.604616984960225, 12.584708453387353)
(13.470821535390765, 12.432719764289864)
(13.326570568552999, 12.281018841722696)
(13.199010060473812, 12.157806805657238)
(13.115285987180075, 12.09128477606487)
(13.115285987180075, 12.09128477606487)
(13.09610155182539, 12.082236117389241)
(13.075478283819105, 12.074530369188444)
(13.05485501581282, 12.068551220169567)
(13.035670580458135, 12.064682359039706)
(13.019363810406652, 12.063307474505955)
(13.019363810406652, 12.063307474505955)
(13.002449533235607, 12.061053303351777)
(12.979492158927835, 12.054866322949893)
(12.952601975372351, 12.045609832891259)
(12.923889270458174, 12.034147132766833)
(12.895464332074315, 12.021341522167582)
(12.895464332074315, 12.021341522167582)
(12.812523623224228, 11.989223579977947)
(12.711069934256873, 11.967273388526294)
(12.592733942177397, 11.9555868699894)
(12.459146323990945, 11.954259946544036)
(12.311937756702665, 11.963388540366973)
(12.311937756702665, 11.963388540366973)
(12.237693991880036, 11.970135066800037)
(12.174577199563123, 11.973716161399578)
(12.12460174546417, 11.974323668519142)
(12.08978199529542, 11.972149432512278)
(12.072132314769108, 11.967385297732532)
(12.072132314769108, 11.967385297732532)
(12.058655248932443, 11.961022460006562)
(12.034338977120381, 11.954371855750269)
(12.001773398105803, 11.948104940201075)
(11.963548410661597, 11.942893168596386)
(11.922253913560636, 11.939407996173617)
(11.922253913560636, 11.939407996173617)
(11.8721026021376, 11.9350115630715)
(11.833270107573826, 11.928696686433916)
(11.80412575286417, 11.919983755377)
(11.783038861003476, 11.908393159016876)
(11.768378754986605, 11.893445286469685)
(11.768378754986605, 11.893445286469685)
(11.749881761898799, 11.857266638796645)
(11.742223974786386, 11.817922559290079)
(11.745213549295823, 11.778482557606738)
(11.758658641073566, 11.742016143403378)
(11.782367405766063, 11.711592826336739)
(11.782367405766063, 11.711592826336739)
(11.79956944946743, 11.692903988895383)
(11.821183913300377, 11.662800412417994)
(11.8453882759062, 11.62425568438454)
(11.870360015926215, 11.580243392275001)
(11.894276612001722, 11.533737123569352)
(11.894276612001722, 11.533737123569352)
(11.9184170264897, 11.486863153186073)
(11.943996273629278, 11.439797338449248)
(11.969095909884993, 11.396184722076264)
(11.991797491721366, 11.359670346784517)
(12.01018257560294, 11.33389925529139)
(12.01018257560294, 11.33389925529139)
(12.02781626909979, 11.307360786384075)
(12.050533837965625, 11.270750488915553)
(12.076224994311444, 11.227425639072889)
(12.102779450248216, 11.18074351304316)
(12.12808691788694, 11.134061387013427)
(12.12808691788694, 11.134061387013427)
(12.202698384387197, 10.997340311052378)
(12.28037936054421, 10.863305056040982)
(12.354127527453507, 10.743274438838506)
(12.416940566210638, 10.648567276304213)
(12.461816157911137, 10.590502385297368)
(12.461816157911137, 10.590502385297368)
(12.479577747643683, 10.568408310580555)
(12.498394481320735, 10.539887450019927)
(12.516923448467466, 10.507625624565131)
(12.533821738609051, 10.474308655165828)
(12.547746441270661, 10.442622362771676)
(12.547746441270661, 10.442622362771676)
(12.56226266402237, 10.406523650245944)
(12.582821983910808, 10.362943007931888)
(12.607314113046957, 10.31542955637012)
(12.633628763541799, 10.267532416101256)
(12.65965564750632, 10.222800707665916)
(12.65965564750632, 10.222800707665916)
(12.688496248656197, 10.175575022634469)
(12.720598203816365, 10.120771485637919)
(12.753467536390726, 10.062802516807848)
(12.784610269783165, 10.00608053627583)
(12.811532427397571, 9.955017964173447)
(12.811532427397571, 9.955017964173447)
(12.83618442682834, 9.90879946199812)
(12.861028270612657, 9.863444259413754)
(12.884337359568601, 9.822213710430642)
(12.904385094514245, 9.788369169059088)
(12.919444876267672, 9.765171989309382)
(12.919444876267672, 9.765171989309382)
(12.96081930851594, 9.70119189740151)
(12.999603841991327, 9.632223852301419)
(13.033688188804817, 9.562872118494234)
(13.060962061067395, 9.49774096046508)
(13.079315170890041, 9.441434642699083)
(13.079315170890041, 9.441434642699083)
(13.089371012421788, 9.40976433733439)
(13.104127040615433, 9.374161222721987)
(13.1220485006426, 9.337407041988307)
(13.141600637674916, 9.302283538259772)
(13.161248696884007, 9.271572454662813)
(13.161248696884007, 9.271572454662813)
(13.179553845618267, 9.243595153103898)
(13.195460939933195, 9.21609746242885)
(13.208010758061048, 9.190997826173138)
(13.216244078234103, 9.17021468787223)
(13.219201678684616, 9.155666491061595)
(13.219201678684616, 9.155666491061595)
(13.223070539814476, 9.140894475838488)
(13.233845797672023, 9.119503830418015)
(13.250280463959204, 9.093508920512416)
(13.271127550377962, 9.064924111833935)
(13.295140068630241, 9.035763770094817)
(13.295140068630241, 9.035763770094817)
(13.321182939624224, 9.00454110155507)
(13.347609499325303, 8.970153001181796)
(13.372405382021235, 8.935189367747883)
(13.393556221999772, 8.902240100026214)
(13.409047653548681, 8.873895096789667)
(13.409047653548681, 8.873895096789667)
(13.423931577978024, 8.848571642121485)
(13.441309479003476, 8.821905276978473)
(13.459838446150206, 8.795910367072874)
(13.478175568943394, 8.772601278116934)
(13.494977936908205, 8.75399237582289)
(13.494977936908205, 8.75399237582289)
(13.509526133718841, 8.73568722708863)
(13.521676276110142, 8.714984023935031)
(13.530948753198238, 8.692841988129832)
(13.536863954099264, 8.670220341440768)
(13.538942267929356, 8.648078305635568)
(13.538942267929356, 8.648078305635568)
(13.540604918993429, 8.625552581123276)
(13.5455289240678, 8.606000444090963)
(13.553618360975689, 8.589517816715395)
(13.56477730754033, 8.576200621173353)
(13.578909841584949, 8.566144779641604)
(13.578909841584949, 8.566144779641604)
(13.591507620801192, 8.557431848584686)
(13.602474723012286, 8.54632086310843)
(13.611139692980819, 8.533771044980575)
(13.616831075469376, 8.520741615968852)
(13.618877415240542, 8.508191797840995)
(13.618877415240542, 8.508191797840995)
(13.624105173874693, 8.487216815186539)
(13.638637383655867, 8.45070243989479)
(13.660747445402139, 8.402293714683136)
(13.688708759931592, 8.34563568226897)
(13.720794728062302, 8.284373385369676)
(13.720794728062302, 8.284373385369676)
(13.757436999589748, 8.214701910973249)
(13.798108002541682, 8.134670841485288)
(13.839642305084572, 8.05070696274962)
(13.878874475384901, 7.969237060610061)
(13.912639081609147, 7.896687920910429)
(13.912639081609147, 7.896687920910429)
(13.943014437587399, 7.831636698028587)
(13.97291018268178, 7.770997895278322)
(14.000407873356828, 7.718704321907343)
(14.023589066077072, 7.678688787163366)
(14.040535317307043, 7.654884100294094)
(14.040535317307043, 7.654884100294094)
(14.052157887726091, 7.640032149923676)
(14.06253346984708, 7.622878067310697)
(14.07089468625583, 7.604956607283527)
(14.076474159538153, 7.587802524670547)
(14.078504512279856, 7.572950574300129)
(14.078504512279856, 7.572950574300129)
(14.080087228196616, 7.558993897579596)
(14.08445168723981, 7.5442698434448765)
(14.091022356348786, 7.529929478017249)
(14.099223702462917, 7.5171238674179985)
(14.10848019252155, 7.507004077768402)
(14.10848019252155, 7.507004077768402)
(14.117736682580185, 7.497092119501814)
(14.125938028694314, 7.484782106815892)
(14.132508697803292, 7.471033261478368)
(14.136873156846484, 7.4568048052569775)
(14.138455872763245, 7.4430559599194535)
(14.138455872763245, 7.4430559599194535)
(14.140949849359354, 7.427500580252698)
(14.14785624608704, 7.408300157868551)
(14.158311763355343, 7.387085369772162)
(14.171453101573304, 7.36548689296868)
(14.186416961149956, 7.345135404463251)
(14.186416961149956, 7.345135404463251)
(14.204194537911965, 7.321378678682367)
(14.223123180795254, 7.290331867466703)
(14.241955901501766, 7.254776713942687)
(14.259445711733454, 7.217494961236751)
(14.274345623192259, 7.181268352475322)
(14.274345623192259, 7.181268352475322)
(14.30772654070941, 7.103795207701322)
(14.350028220666488, 7.019991199260276)
(14.397221931639011, 6.936954568233415)
(14.445278942202497, 6.861783555701977)
(14.490170520932459, 6.801576402747193)
(14.490170520932459, 6.801576402747193)
(14.505134380509112, 6.782344006304122)
(14.518275718727073, 6.763783065098464)
(14.528731235995375, 6.747044645251503)
(14.535637632723063, 6.733279812884516)
(14.538131609319171, 6.723639634118787)
(14.538131609319171, 6.723639634118787)
(14.556005108257951, 6.664247819666576)
(14.600544972339744, 6.562170636550193)
(14.658130252462723, 6.44522551603393)
(14.715139999525057, 6.341229889382078)
(14.757953264424929, 6.27800118785893)
(14.757953264424929, 6.27800118785893)
(14.778064947488424, 6.252597798043435)
(14.79510712089517, 6.224412665101512)
(14.808887940291616, 6.193541711209932)
(14.819215561324224, 6.16008085854547)
(14.825898139639436, 6.1241260292848985)
(14.825898139639436, 6.1241260292848985)
(14.835074694550762, 6.083950624246296)
(14.850869879659449, 6.039650565606438)
(14.873667383672602, 5.990458475951135)
(14.903850895297305, 5.935606977866199)
(14.941804103240655, 5.874328693937445)
(14.941804103240655, 5.874328693937445)
(14.97750314002983, 5.817143089551023)
(15.015408386884795, 5.752091866669181)
(15.052450334148798, 5.684258900660909)
(15.08555947216509, 5.618728066895199)
(15.111666291276924, 5.560583240741043)
(15.111666291276924, 5.560583240741043)
(15.134367873113302, 5.508641382018235)
(15.158028676717413, 5.458234278123801)
(15.180730258553787, 5.412815127421586)
(15.20055417508696, 5.375837128275432)
(15.215581982781464, 5.350753479049183)
(15.215581982781464, 5.350753479049183)
(15.232240467481114, 5.323447632727682)
(15.256764570676188, 5.278108417172778)
(15.28694808230089, 5.219244174692821)
(15.320584792289438, 5.151363247596162)
(15.355468490576039, 5.0789739781911525)
(15.355468490576039, 5.0789739781911525)
(15.39035218886264, 5.008023541437746)
(15.423988898851187, 4.942061057876556)
(15.45417241047589, 4.885594869815934)
(15.478696513670963, 4.843133319564233)
(15.495354998370612, 4.819184749429802)
(15.495354998370612, 4.819184749429802)
(15.507457179673526, 4.803613382733582)
(15.51927159444612, 4.7843010511432)
(15.530030865274206, 4.762782509487029)
(15.538967614743596, 4.740592512593443)
(15.545314465440104, 4.71926581529082)
(15.545314465440104, 4.71926581529082)
(15.552348758403488, 4.696883974043688)
(15.563219938437808, 4.669706023957884)
(15.576968783775333, 4.640130019452746)
(15.592636072648325, 4.610554014947609)
(15.609262583289052, 4.583376064861805)
(15.609262583289052, 4.583376064861805)
(15.628622875967821, 4.551641811379264)
(15.651915977894298, 4.509356118451648)
(15.677319367709796, 4.46035587314989)
(15.70301052405561, 4.408477962544931)
(15.72716692557305, 4.357559273707707)
(15.72716692557305, 4.357559273707707)
(15.754280927541002, 4.301173020794397)
(15.78820540405987, 4.234043484082465)
(15.826158612003221, 4.161734149824765)
(15.865358808244626, 4.089808504274161)
(15.903024249657657, 4.0238300336835096)
(15.903024249657657, 4.0238300336835096)
(15.94476638358356, 3.9520162973391413)
(15.99523743559584, 3.8617855030542754)
(16.050216829916472, 3.7610991915011063)
(16.105483990767425, 3.6579189033518276)
(16.15681834237067, 3.5602061792786355)
(16.15681834237067, 3.5602061792786355)
(16.20525904164125, 3.4697515665812984)
(16.250342464724753, 3.3866829614955143)
(16.28919094631799, 3.31646792809737)
(16.318926821117756, 3.264574030462949)
(16.336672423820836, 3.2364688326683355)
(16.336672423820836, 3.2364688326683355)
(16.350517191335133, 3.2147264725996934)
(16.369253989864873, 3.1805142295505062)
(16.391060298051364, 3.137189379707843)
(16.414113594535912, 3.088109199258777)
(16.43659135795982, 3.036630964390373)
(16.43659135795982, 3.036630964390373)
(16.462250540246707, 2.980820244537704)
(16.49414466402387, 2.9196378827857226)
(16.529396063988102, 2.857784065796327)
(16.5651270748362, 2.7999589802314166)
(16.598460031264967, 2.750862812752886)
(16.598460031264967, 2.750862812752886)
(16.629027231596766, 2.7060991302586235)
(16.65930666539824, 2.6603762259966253)
(16.68709212260361, 2.617051376153962)
(16.71017739314708, 2.5794818569177047)
(16.726356266962863, 2.551024944474923)
(16.726356266962863, 2.551024944474923)
(16.740728606449412, 2.524870164274704)
(16.758841910830128, 2.4938233530590397)
(16.779161425276634, 2.460666253954359)
(16.80015239496055, 2.4281806100870944)
(16.820280065053506, 2.3991481645836714)
(16.820280065053506, 2.3991481645836714)
(16.83988016317421, 2.3691405102830534)
(16.855259685516884, 2.339900233396621)
(16.86603494337443, 2.3126743222224317)
(16.871822248039756, 2.288709765058538)
(16.872237910805776, 2.2692535502029956)
(16.872237910805776, 2.2692535502029956)
(16.866882255935927, 2.2472873717218818)
(16.853852826924204, 2.232611278675548)
(16.826914682280332, 2.2229231388214323)
(16.779832880514046, 2.2159208199169727)
(16.706372480135066, 2.209302189719607)
(16.706372480135066, 2.209302189719607)
(16.645318014618784, 2.205177536118349)
(16.587237136582477, 2.2046020030577096)
(16.532705379086785, 2.2072878240073655)
(16.482298275192353, 2.212947232436996)
(16.43659135795982, 2.221292461816285)
(16.43659135795982, 2.221292461816285)
(16.354434013553384, 2.2316840309667385)
(16.195155239021112, 2.23919793481399)
(15.942064575604439, 2.244313784241907)
(15.578471564544785, 2.247511190134353)
(15.087685747083569, 2.2492697633751995)
(15.087685747083569, 2.2492697633751995)
(14.694644627754471, 2.250452803555404)
(14.347646153276617, 2.251539921558838)
(14.068272813424022, 2.2524351952087223)
(13.878107097970714, 2.2530427023282873)
(13.798731496690708, 2.253266520740759)
(13.798731496690708, 2.253266520740759)
(13.769619116039976, 2.253250533711297)
(13.719307934322313, 2.25313862450506)
(13.652977749083494, 2.2528348709452777)
(13.575808357869276, 2.252243350855176)
(13.492979558225425, 2.251268142057979)
(13.492979558225425, 2.251268142057979)
(13.403803907885067, 2.2512361679990556)
(13.32920842841427, 2.253410404005919)
(13.27082379681818, 2.2575990057250244)
(13.230280690101946, 2.263610128802827)
(13.209209785270717, 2.2712519288857753)
(13.209209785270717, 2.2712519288857753)
(13.198866177208652, 2.2838497081020184)
(13.185453059489832, 2.3058478606420563)
(13.170217420412321, 2.335136098616874)
(13.154406248274167, 2.3696041341374583)
(13.13926653137343, 2.40714167931479)
(13.13926653137343, 2.40714167931479)
(13.086557295236435, 2.535165811248385)
(13.016869833810544, 2.695132028047528)
(12.940563742187285, 2.8638271629330534)
(12.867998615458191, 3.018038049125791)
(12.809534048714792, 3.1345515198465748)
(12.809534048714792, 3.1345515198465748)
(12.784866062254562, 3.182560569321673)
(12.759910309264008, 3.2351738832818944)
(12.736297466748285, 3.288362730302757)
(12.715658211712535, 3.338098378959776)
(12.699623221161913, 3.380352097828469)
(12.699623221161913, 3.380352097828469)
(12.683923958229997, 3.420719347220617)
(12.662277520338126, 3.4673215381030396)
(12.636890117552095, 3.516321783404795)
(12.609967959937688, 3.5638831960549506)
(12.583717257560695, 3.606168888982567)
(12.583717257560695, 3.606168888982567)
(12.51566047313995, 3.7118911148163414)
(12.44597301171406, 3.8284525466255106)
(12.382136803071349, 3.942711846192119)
(12.33163377700014, 4.041527675298205)
(12.301945863288767, 4.111758695725813)
(12.301945863288767, 4.111758695725813)
(12.291890021757022, 4.139368295607095)
(12.277133993563377, 4.172445459564466)
(12.259212533536207, 4.208304366648262)
(12.239660396503892, 4.244259195908834)
(12.220012337294802, 4.277624126396522)
(12.220012337294802, 4.277624126396522)
(12.200731979763345, 4.308031456433698)
(12.184233365358315, 4.335752965521216)
(12.171379793670678, 4.3590620544771586)
(12.163034564291388, 4.3762321241196)
(12.160060976811414, 4.385536575266622)
(12.160060976811414, 4.385536575266622)
(12.155504673414674, 4.397782639834695)
(12.142794984992198, 4.423074120443954)
(12.123370744195578, 4.45862927396797)
(12.098670783676424, 4.501666357280312)
(12.070133936086329, 4.549403627254552)
(12.070133936086329, 4.549403627254552)
(12.042364465910422, 4.598052157908139)
(12.01776042756804, 4.643631178904977)
(11.998048420241103, 4.683071180588316)
(11.984955043111531, 4.713302653301405)
(11.980206895361246, 4.731256087387498)
(11.980206895361246, 4.731256087387498)
(11.976577839673316, 4.745564478756199)
(11.966521998141571, 4.765628200731307)
(11.95128635906406, 4.789528809777352)
(11.932117910738837, 4.815347862358864)
(11.91026364146396, 4.841166914940377)
(11.91026364146396, 4.841166914940377)
(11.886762708154471, 4.8678972282012385)
(11.865180218380452, 4.8962582184672465)
(11.8469550047935, 4.924043675672614)
(11.833525900045222, 4.949047389751554)
(11.826331736787214, 4.969063150638274)
(11.826331736787214, 4.969063150638274)
(11.81064846088476, 5.0200138135344226)
(11.787675099547528, 5.072595153435721)
(11.761152617669675, 5.120284462321573)
(11.734821980145371, 5.156559032171389)
(11.712424151868776, 5.174896154964575)
(11.712424151868776, 5.174896154964575)
(11.701872712423699, 5.185287724115029)
(11.687963996791554, 5.20766956536216)
(11.672136837623938, 5.239643624286634)
(11.655830067572458, 5.278811846469116)
(11.64048251928871, 5.322776177490267)
(11.64048251928871, 5.322776177490267)
(11.53792572528846, 5.562597606453285)
(11.37349912726935, 5.885967251385953)
(11.189408483011693, 6.216722903930176)
(11.027859550295787, 6.478702355727854)
(10.931058086901942, 6.595743398420891)
(10.931058086901942, 6.595743398420891)
(10.921497843283523, 6.600427598053327)
(10.914527498437987, 6.6068383968676825)
(10.910338896718882, 6.614304339626547)
(10.90912388247975, 6.622153971092507)
(10.911074300074144, 6.6297158360281445)
(10.911074300074144, 6.6297158360281445)
(10.91355228964079, 6.6386685725269965)
(10.911713781252635, 6.650498974329052)
(10.90603838579354, 6.664247819666576)
(10.897005714147374, 6.678955886771836)
(10.88509537719801, 6.693663953877093)
(10.88509537719801, 6.693663953877093)
(10.869795790002648, 6.713343987145106)
(10.85142669315054, 6.741752938499502)
(10.831714685823602, 6.776109064813849)
(10.812386367203755, 6.813630622961719)
(10.795168336472926, 6.851535869816684)
(10.795168336472926, 6.851535869816684)
(10.776047849236093, 6.892478652269473)
(10.753474163635413, 6.9363950222022375)
(10.729269801029584, 6.980023625604683)
(10.705257282777305, 7.02010310846651)
(10.683259130237268, 7.0533721167774255)
(10.683259130237268, 7.0533721167774255)
(10.661005185225832, 7.089406881185308)
(10.636161341441518, 7.134937941093758)
(10.610454198066238, 7.186032487255069)
(10.585610354281924, 7.238757710421527)
(10.56335640927049, 7.289180801345422)
(10.56335640927049, 7.289180801345422)
(10.510950926693276, 7.413288111060768)
(10.451063514327739, 7.541040463493505)
(10.392998623320892, 7.654500411587001)
(10.346060704819763, 7.735730508284627)
(10.319554209971376, 7.766793306529753)
(10.319554209971376, 7.766793306529753)
(10.313686970158734, 7.771125791514018)
(10.306189053340944, 7.783227972816933)
(10.297827836932196, 7.801756939963666)
(10.289370698346673, 7.825369782479389)
(10.281585014998562, 7.852723589889277)
(10.281585014998562, 7.852723589889277)
(10.271433251290041, 7.8816121521275395)
(10.258403822278318, 7.911651780487084)
(10.243455949731127, 7.940636264902119)
(10.227548855416199, 7.966359395306857)
(10.211641761101275, 7.986614961635512)
(10.211641761101275, 7.986614961635512)
(10.196965668054943, 8.005063993634934)
(10.182481419362153, 8.025815157876917)
(10.169340081144197, 8.047333699533088)
(10.158692719522348, 8.068084863775074)
(10.151690400617886, 8.086533895774494)
(10.151690400617886, 8.086533895774494)
(10.14013177831669, 8.116349705721566)
(10.116774728272361, 8.168707227210392)
(10.084209149257784, 8.238330740518435)
(10.04502494004584, 8.319944525923155)
(10.001811999409414, 8.408272863702013)
(10.001811999409414, 8.408272863702013)
(9.956057121088492, 8.499031229959133)
(9.912028841949493, 8.589501829685933)
(9.872892593825934, 8.673161954861818)
(9.841813808551345, 8.7434888974662)
(9.821957917959248, 8.79395994947848)
(9.821957917959248, 8.79395994947848)
(9.805427329495293, 8.833751665809991)
(9.785635387021046, 8.87440668173246)
(9.764116845364875, 8.912951409765913)
(9.742406459355156, 8.946412262430375)
(9.722038983820266, 8.97181565224587)
(9.722038983820266, 8.97181565224587)
(9.686547778414099, 9.01749059541948)
(9.653934238311138, 9.067194270017575)
(9.627076028814578, 9.115842800671164)
(9.60885081522763, 9.15835231201125)
(9.602136262853488, 9.189638928668849)
(9.602136262853488, 9.189638928668849)
(9.5969244912488, 9.205689906248935)
(9.58250419067386, 9.235074066400525)
(9.560697882487368, 9.274817821643648)
(9.53332808804802, 9.321947584498322)
(9.502217328714508, 9.373489767484575)
(9.502217328714508, 9.373489767484575)
(9.468292852195638, 9.426566705299201)
(9.435135753090961, 9.480123253997695)
(9.404952241466257, 9.530322526509119)
(9.37994852738732, 9.573327635762537)
(9.362330820919933, 9.605301694687011)
(9.362330820919933, 9.605301694687011)
(9.346999259665647, 9.632271813389806)
(9.328406344401065, 9.661352219981612)
(9.308086829954561, 9.69033670439665)
(9.287575471154515, 9.717019056569125)
(9.26840702282929, 9.739193066433247)
(9.26840702282929, 9.739193066433247)
(9.24652077949549, 9.765923379694108)
(9.218495516848186, 9.805315420289059)
(9.186825211483495, 9.853724145500713)
(9.154003839997523, 9.907504512611677)
(9.122525378986378, 9.963011478904566)
(9.122525378986378, 9.963011478904566)
(9.090807112533302, 10.018902133904547)
(9.057266324721525, 10.075847932849033)
(9.024396992147167, 10.129628299959998)
(8.99469309140633, 10.176022659459411)
(8.970648599095126, 10.210810435569238)
(8.970648599095126, 10.210810435569238)
(8.932327689474146, 10.266317401862125)
(8.907723651131763, 10.313862827482817)
(8.895685417946694, 10.358434665623534)
(8.89506192379767, 10.405020869476493)
(8.904702102563398, 10.458609392233912)
(8.904702102563398, 10.458609392233912)
(8.909498211402068, 10.508105235448998)
(8.911896265821404, 10.598463925969563)
(8.911896265821404, 10.721628000946636)
(8.909498211402068, 10.869539997531252)
(8.904702102563398, 11.034142452874445)
(8.904702102563398, 11.034142452874445)
(8.898962758986457, 11.227089911454183)
(8.89619700288949, 11.41994144785715)
(8.89650075644927, 11.609243863719497)
(8.899969941842574, 11.791543960677386)
(8.906700481246178, 11.963388540366973)
(8.906700481246178, 11.963388540366973)
(8.913814709356872, 12.153873996409526)
(8.9204493265837, 12.425413691825623)
(8.926124722042793, 12.752588249770303)
(8.930361284850289, 13.109978293398612)
(8.932679404122313, 13.472164445865593)
(8.932679404122313, 13.472164445865593)
(8.935589043484441, 13.86856284138176)
(8.939649748967847, 14.185825441059855)
(8.945053364926082, 14.425391077551474)
(8.951991735712696, 14.588698583508224)
(8.960656705681227, 14.677186791581708)
(8.960656705681227, 14.677186791581708)
(8.967850868939236, 14.719184717979005)
(8.972646977777906, 14.759456045194378)
(8.975045032197244, 14.795314952278176)
(8.975045032197244, 14.824075618280743)
(8.972646977777906, 14.843052222252417)
(8.972646977777906, 14.843052222252417)
(8.969049896148903, 14.859870577246689)
(8.970248923358568, 14.87688077659451)
(8.976244059406907, 14.894274664649423)
(8.98703530429392, 14.912244085764979)
(9.0026226580196, 14.930980884294721)
(9.0026226580196, 14.930980884294721)
(9.015204450206381, 14.94725568028728)
(9.026059643211237, 14.96621629722949)
(9.03442085961999, 14.98623205811621)
(9.039520722018443, 15.005672285942293)
(9.040591852992414, 15.022906303702584)
(9.040591852992414, 15.022906303702584)
(9.038385642926626, 15.075359747368182)
(9.042126607820787, 15.11783728464935)
(9.052965813796183, 15.154271724793787)
(9.072054326974097, 15.188595877049208)
(9.100543213475802, 15.224742550663326)
(9.100543213475802, 15.224742550663326)
(9.118560595679742, 15.247699924971098)
(9.135810600469494, 15.272192054107247)
(9.15104623954701, 15.296396416713073)
(9.163020524614222, 15.318490491429884)
(9.170486467373088, 15.336651756898986)
(9.170486467373088, 15.336651756898986)
(9.193891478505803, 15.378793566561441)
(9.233986948397094, 15.427266239890942)
(9.281564348076714, 15.47305309227079)
(9.327415148574408, 15.50713743908428)
(9.362330820919933, 15.52050259571471)
(9.362330820919933, 15.52050259571471)
(9.374608859546932, 15.522756766868888)
(9.389093108239717, 15.528943747270773)
(9.40463250087701, 15.538200237329407)
(9.420075971337535, 15.549662937453832)
(9.4342724535, 15.562468548053083)
(9.4342724535, 15.562468548053083)
(9.48338460800799, 15.606736632634018)
(9.543719657198475, 15.639398133825367)
(9.61786749984433, 15.661316351218094)
(9.708418034718438, 15.673354584403159)
(9.817961160593688, 15.676376132971521)
(9.817961160593688, 15.676376132971521)
(9.876889351191494, 15.674505650524441)
(9.929198911591936, 15.671484101956077)
(9.971628487784713, 15.667599253796753)
(10.000916725759529, 15.66313887257679)
(10.013802271506092, 15.658390724826505)
(None, None)
(7.439890528085931, 11.144053280427325)
(None, None)
(7.5247816545304085, 11.124309299041464)
(7.607754337439419, 11.098809987049195)
(7.697441572722568, 11.064198068263453)
(7.802476356289468, 11.017116266497162)
(7.931491684049719, 10.95420730556326)
(7.931491684049719, 10.95420730556326)
(8.068852241189262, 10.884280038695435)
(8.168994993740712, 10.828837020520396)
(8.24602050168977, 10.778381955537577)
(8.31402932502213, 10.723418548246407)
(8.387122023723474, 10.654450503146316)
(8.387122023723474, 10.654450503146316)
(8.439223752740904, 10.601021850683518)
(8.492188781349295, 10.542125634144638)
(8.542084300300939, 10.482366118014799)
(8.58497750034812, 10.426347566779118)
(8.616935572243133, 10.378674244922728)
(8.616935572243133, 10.378674244922728)
(8.632123250232258, 10.35389434925626)
(8.647310928221383, 10.329114453589794)
(8.662498606210505, 10.304334557923324)
(8.67768628419963, 10.279554662256857)
(8.692873962188758, 10.25477476659039)
(8.692873962188758, 10.25477476659039)
(8.694072989398427, 10.160850968499748)
(8.695272016608094, 10.066927170409105)
(8.696471043817759, 9.973003372318463)
(8.697670071027428, 9.87907957422782)
(8.698869098237097, 9.785155776137177)
(8.698869098237097, 9.785155776137177)
(8.70010009950569, 9.625845027545985)
(8.699124890708493, 9.47708571839987)
(8.696135316199054, 9.347031233724572)
(8.691323220330922, 9.243834958545833)
(8.68488044745764, 9.17565027788939)
(8.68488044745764, 9.17565027788939)
(8.677206673315766, 9.10631453111167)
(8.673369786244828, 9.01520445020638)
(8.673369786244828, 8.897811692865172)
(8.677206673315766, 8.749627916779698)
(8.68488044745764, 8.566144779641604)
(8.68488044745764, 8.566144779641604)
(8.692218493980807, 8.40761739549406)
(8.699460618327201, 8.248994089169747)
(8.70603128743618, 8.101689599704695)
(8.711354968247104, 7.977118666134943)
(8.714856127699335, 7.886696027496531)
(8.714856127699335, 7.886696027496531)
(8.724048669640121, 7.503327060992087)
(8.731802378929304, 6.9362671259665385)
(8.737158033799155, 6.301102445431861)
(8.739156412481933, 5.713419242400029)
(8.73683829320991, 5.288803739883014)
(8.73683829320991, 5.288803739883014)
(8.736310721237658, 5.17871705500605)
(8.736934215386684, 5.0234510248688045)
(8.73842100912667, 4.837298053810517)
(8.740483335927301, 4.634550546170426)
(8.742833429258248, 4.429500906287774)
(8.742833429258248, 4.429500906287774)
(8.745966887032846, 4.189215853470351)
(8.74583899079715, 3.998330721691241)
(8.742545662727927, 3.849651347692437)
(8.736182825001958, 3.7359835682159317)
(8.726846399796012, 3.6501332200037186)
(8.726846399796012, 3.6501332200037186)
(8.717749780032, 3.5815808376696463)
(8.712106358631829, 3.51657757587619)
(8.710012057772275, 3.4538764463252978)
(8.711562799630114, 3.392230460718912)
(8.716854506382113, 3.330392630758978)
(8.716854506382113, 3.330392630758978)
(8.721890420662719, 3.272183856486974)
(8.725007891407854, 3.1999704444060484)
(8.726206918617523, 3.119891413829703)
(8.72548750229172, 3.038085784071437)
(8.722849642430452, 2.960692574444747)
(8.722849642430452, 2.960692574444747)
(8.719492366243383, 2.8775600212411137)
(8.719012755359515, 2.787233304779475)
(8.721410809778853, 2.694508533898501)
(8.72668652950139, 2.6041818174368623)
(8.734839914527129, 2.5210492642332287)
(8.734839914527129, 2.5210492642332287)
(8.746702290388109, 2.403320779273315)
(8.750603125576898, 2.3264551416188795)
(8.745775042679298, 2.280476444885486)
(8.731450664281136, 2.255408782688699)
(8.706862612968216, 2.241276248644081)
(8.706862612968216, 2.241276248644081)
(8.59712764273942, 2.229557756048262)
(8.371422760791559, 2.223306827528526)
(8.07348847973331, 2.2227153074384245)
(7.747065312173352, 2.2279750401314997)
(7.435893770720371, 2.239277869961301)
(7.435893770720371, 2.239277869961301)
(7.2748564229472565, 2.246440059160383)
(7.125521580740502, 2.251012349586584)
(6.995754862595525, 2.252802896886354)
(6.893421887007745, 2.251619856706149)
(6.826388272472585, 2.2472713846924197)
(6.826388272472585, 2.2472713846924197)
(6.78253585065767, 2.243434497621483)
(6.739354884080167, 2.241516054086014)
(6.699914882396826, 2.241516054086014)
(6.6672853552644025, 2.243434497621483)
(6.6445358123396385, 2.2472713846924197)
(6.6445358123396385, 2.2472713846924197)
(6.528310108149176, 2.254257716567418)
(6.304651565972479, 2.2508844533508854)
(6.045981429273484, 2.2402211046995726)
(5.824720941516125, 2.2253371802702313)
(5.713291346164332, 2.209302189719607)
(5.713291346164332, 2.209302189719607)
(5.685473914900039, 2.202331844874071)
(5.634155550326258, 2.198143243154966)
(5.560775085094591, 2.1966404623855147)
(5.466771351856636, 2.1977275803889467)
(5.353583183263999, 2.2013086749884883)
(5.353583183263999, 2.2013086749884883)
(5.249683478788921, 2.2046499641460953)
(5.151155416213153, 2.207415720243062)
(5.064809470087612, 2.2095100211026164)
(4.9974561149632075, 2.2108369445479816)
(4.955905825390853, 2.2113005684023865)
(4.955905825390853, 2.2113005684023865)
(4.923643999936058, 2.210101541192718)
(4.881981801157469, 2.2089025139830514)
(4.8344683495957, 2.207703486773383)
(4.784652765791369, 2.206504459563716)
(4.7360841702850935, 2.2053054323540477)
(4.7360841702850935, 2.2053054323540477)
(4.708106868726179, 2.2045060808809365)
(4.680129567167264, 2.2037067294078234)
(4.652152265608349, 2.2029073779347126)
(4.624174964049434, 2.2021080264615995)
(4.596197662490519, 2.2013086749884883)
(4.596197662490519, 2.2013086749884883)
(4.589802850705626, 2.2332827339129624)
(4.583408038920731, 2.2652567928374365)
(4.577013227135835, 2.2972308517619107)
(4.57061841535094, 2.329204910686385)
(4.564223603566045, 2.3611789696108585)
(4.564223603566045, 2.3611789696108585)
(4.552808864530007, 2.417245481934923)
(4.542928880322346, 2.476861114799606)
(4.5351591840036996, 2.53542160371978)
(4.530075308634708, 2.588322684210322)
(4.5282527872760125, 2.6309600917861085)
(4.5282527872760125, 2.6309600917861085)
(4.526350330770006, 2.6713433282077186)
(4.523104963789172, 2.718057428296375)
(4.518612608510284, 2.7673614271579154)
(4.512969187110114, 2.8155143598981724)
(4.506270621765436, 2.858775261622986)
(4.506270621765436, 2.858775261622986)
(4.500531278188493, 2.917463646778859)
(4.497765522091526, 3.003585774491929)
(4.498069275651309, 3.115319123403504)
(4.501538461044614, 3.250841172154887)
(4.508269000448216, 3.4083293993873838)
(4.508269000448216, 3.4083293993873838)
(4.515623034000846, 3.602779638736573)
(4.518180958714803, 3.746199280042301)
(4.515463163706224, 3.858540136073442)
(4.506990038091237, 3.9597540195988628)
(4.492281970985979, 4.069792743387441)
(4.492281970985979, 4.069792743387441)
(4.475591512227403, 4.230462389482922)
(4.464272695368141, 4.4429300110360535)
(4.4589010534688285, 4.6769801223632035)
(4.4600521195901095, 4.902397237780746)
(4.468301426792623, 5.088965871605051)
(4.468301426792623, 5.088965871605051)
(4.468637154411329, 5.119453136789538)
(4.465231917135874, 5.162602129308115)
(4.458661248026895, 5.214288195559528)
(4.449500680145032, 5.270386681942517)
(4.4383257465509285, 5.326772934855827)
(4.4383257465509285, 5.326772934855827)
(4.4236336664751335, 5.3995299059384685)
(4.415272450066383, 5.456555640030269)
(4.412858408617586, 5.504181000798271)
(4.416007853421647, 5.548736851909526)
(4.424337095771472, 5.596554057031077)
(4.424337095771472, 5.596554057031077)
(4.438709435258023, 5.659558940141753)
(4.445791689309793, 5.704914142726119)
(4.445487935750011, 5.7509408005479)
(4.437702252401902, 5.815960049370819)
(4.422338717088692, 5.918293024958597)
(4.422338717088692, 5.918293024958597)
(4.4145050726521955, 5.988907734093298)
(4.408110260867302, 6.0741026140975585)
(4.403633892617876, 6.167354956950787)
(4.401555578787784, 6.262142054632392)
(4.402354930260896, 6.351941199121776)
(4.402354930260896, 6.351941199121776)
(4.403585931529488, 6.436992195860878)
(4.402610722732291, 6.522522803483845)
(4.399621148222852, 6.6022980805004075)
(4.39480905235472, 6.670083085420293)
(4.388366279481438, 6.719642876753228)
(4.388366279481438, 6.719642876753228)
(4.379477491100435, 6.915579909842404)
(4.382003441755468, 7.2694048459006355)
(4.3929705439665625, 7.6747399908861915)
(4.409405210253743, 8.025207650757352)
(4.4283338531370315, 8.21443013147239)
(4.4283338531370315, 8.21443013147239)
(4.43546406827719, 8.244549694979245)
(4.442210594710254, 8.282247110451198)
(4.448189743729129, 8.324069179524411)
(4.453017826626725, 8.366562703835037)
(4.456311154695946, 8.406274485019235)
(4.456311154695946, 8.406274485019235)
(4.459316716234846, 8.446321993822139)
(4.4654877096072685, 8.487808335276643)
(4.474152679575802, 8.527855844079546)
(4.484640170903031, 8.563586854927646)
(4.496278728351538, 8.592123702517739)
(4.496278728351538, 8.592123702517739)
(4.506030816323503, 8.61699952036098)
(4.513384849876132, 8.642450871264863)
(4.517861218125558, 8.666655233870689)
(4.518980310187914, 8.687790086819767)
(4.516262515179335, 8.704032908753398)
(4.516262515179335, 8.704032908753398)
(4.529979386457933, 8.809563290233626)
(4.583791727627824, 9.013030214199516)
(4.660721313400107, 9.259853962066995)
(4.743789918485891, 9.495454815251982)
(4.816019317596279, 9.6652530551704)
(4.816019317596279, 9.6652530551704)
(4.833940777623447, 9.700616364340867)
(4.8553154360144575, 9.744324902890625)
(4.878320771410618, 9.79273362810228)
(4.901134262453228, 9.84219749725844)
(4.921933387783599, 9.889071467641719)
(4.921933387783599, 9.889071467641719)
(4.974258935213501, 9.993722562501523)
(5.033586801547863, 10.094153081583295)
(5.0973270880138015, 10.186622059992875)
(5.162889895838436, 10.267388532836096)
(5.227685326248882, 10.332711535218795)
(5.227685326248882, 10.332711535218795)
(5.260698542088402, 10.361504175280283)
(5.299946699418193, 10.395668457241086)
(5.342072522051188, 10.432422637974769)
(5.383718733800316, 10.468984974354903)
(5.421528058478506, 10.502573723255065)
(5.421528058478506, 10.502573723255065)
(5.459113564744227, 10.535411081770501)
(5.500152269373786, 10.5719894051801)
(5.541382818356898, 10.609335106003885)
(5.579543857683257, 10.64447459676188)
(5.611374033342571, 10.674434289974112)
(5.611374033342571, 10.674434289974112)
(5.727375919120564, 10.775856004882545)
(5.8516271121010695, 10.867109969052992)
(5.979427425622191, 10.945222595005484)
(6.106076673022033, 11.007220295260039)
(6.226874667638697, 11.050129482336683)
(6.226874667638697, 11.050129482336683)
(6.267002111588911, 11.063062989171632)
(6.312884886145533, 11.079257850016877)
(6.360686104237619, 11.097179310044046)
(6.406568878794241, 11.11529261442476)
(6.446696322744455, 11.132063008330647)
(6.446696322744455, 11.132063008330647)
(6.501963483595411, 11.154908473432185)
(6.557422488799908, 11.169504631331208)
(6.6310107854145866, 11.17767400338641)
(6.740665820496068, 11.181239110956488)
(6.90432504110099, 11.182022475400139)
(6.90432504110099, 11.182022475400139)
(7.0498070092073455, 11.181718721840355)
(7.167951156933279, 11.178153614270277)
(7.266910869304527, 11.170943463982807)
(7.354839531346831, 11.159704582270855)
(7.439890528085931, 11.144053280427325)
(None, None)
(9.0026226580196, 9.861094166082804)
(None, None)
(9.025755889651455, 9.833356669965822)
(9.052917852707797, 9.79554734528763)
(9.081902337122834, 9.751023468235303)
(9.110503132830775, 9.703142314995901)
(9.136514029765834, 9.655261161756503)
(9.136514029765834, 9.655261161756503)
(9.163436187380242, 9.605621435276255)
(9.194578920772681, 9.550705989073473)
(9.227448253347042, 9.494831321102954)
(9.25955020850721, 9.442313929319504)
(9.288390809657088, 9.39747031167793)
(9.288390809657088, 9.39747031167793)
(9.376015718139609, 9.248071521353324)
(9.498268532437333, 9.020016546074514)
(9.62407046727568, 8.773736357208753)
(9.72234273738005, 8.569661926123297)
(9.762006557475859, 8.468224224185402)
(9.762006557475859, 8.468224224185402)
(9.76338144200961, 8.455466574674539)
(9.767250303139473, 8.441941547749485)
(9.77322945215835, 8.428800209531527)
(9.780935200359146, 8.417193626141941)
(9.789983859034773, 8.408272863702013)
(9.789983859034773, 8.408272863702013)
(9.802437754985856, 8.392461691563861)
(9.81959183759884, 8.36379694773807)
(9.839911352045341, 8.325252219704616)
(9.861861543496993, 8.279801094943476)
(9.883907657125416, 8.230417160934627)
(9.883907657125416, 8.230417160934627)
(9.905218367398579, 8.179674329421488)
(9.927296455085926, 8.13046625273672)
(9.948511243182315, 8.086246129244174)
(9.967232054682595, 8.050467157307686)
(9.981828212581618, 8.026582535291105)
(9.981828212581618, 8.026582535291105)
(10.02649597289911, 7.9474947005414185)
(10.093129911697712, 7.8168966568644045)
(10.163408893213706, 7.6724858197320165)
(10.219011781683367, 7.551959604616212)
(10.241617441342969, 7.493015426988944)
(10.241617441342969, 7.493015426988944)
(10.244095430909615, 7.482400039426019)
(10.250889918431065, 7.4680436869689295)
(10.261041682139586, 7.4510015135621845)
(10.273591500267443, 7.432328663150291)
(10.287580151046901, 7.413080279677759)
(10.287580151046901, 7.413080279677759)
(10.30321546586097, 7.3930325447321135)
(10.318179325437622, 7.370203066660039)
(10.331320663655584, 7.3466062111737775)
(10.341488414393565, 7.324256343985569)
(10.34753151153029, 7.305167830807659)
(10.34753151153029, 7.305167830807659)
(10.355684896556031, 7.283729224298799)
(10.36959361218818, 7.256918975890628)
(10.387818825775128, 7.227039217825707)
(10.408921704665278, 7.196392082346598)
(10.431463416207034, 7.167279701695865)
(10.431463416207034, 7.167279701695865)
(10.453317685481911, 7.138407126487064)
(10.472486133807134, 7.108479407333757)
(10.487721772884646, 7.079798676478504)
(10.497777614416393, 7.0546670661638675)
(10.501406670104322, 7.03538670863241)
(10.501406670104322, 7.03538670863241)
(10.507082065563417, 7.012221502941628)
(10.522829289583717, 6.9762027255632075)
(10.546729898629764, 6.9307835748609925)
(10.57686544916608, 6.879417249198825)
(10.6113174976572, 6.825556946940548)
(10.6113174976572, 6.825556946940548)
(10.645785533177783, 6.7730395551571005)
(10.676032992920337, 6.725318272212323)
(10.700237355526161, 6.685270763409418)
(10.71657609963657, 6.6557746940515905)
(10.72322670389286, 6.639707729442043)
(10.72322670389286, 6.639707729442043)
(10.72637614869692, 6.628261016347081)
(10.734993157577069, 6.609524217817339)
(10.747830742235243, 6.5853198552115115)
(10.763641914373396, 6.557470449888296)
(10.78117968569347, 6.527798523206384)
(10.78117968569347, 6.527798523206384)
(10.801067550344492, 6.495872425370297)
(10.821339103702607, 6.461836039645194)
(10.840459590939446, 6.42837518698073)
(10.856894257226626, 6.398175688326567)
(10.869108347735773, 6.373923364632352)
(10.869108347735773, 6.373923364632352)
(10.880858814390516, 6.349862885291685)
(10.895966557232333, 6.322445129763949)
(10.912992743609612, 6.294068152468478)
(10.930498540870762, 6.267130007824609)
(10.947045116364178, 6.244028750251676)
(10.947045116364178, 6.244028750251676)
(11.018906813796931, 6.138114680064356)
(11.1022791724425, 6.001025902425673)
(11.182294254900995, 5.859141015948319)
(11.244084123772542, 5.738838619244985)
(11.272780841657259, 5.666497310928364)
(11.272780841657259, 5.666497310928364)
(11.27979914759118, 5.641221817348567)
(11.290558418419266, 5.612493125404926)
(11.304003510197006, 5.582613367340007)
(11.319079278979896, 5.553884675396366)
(11.334730580823427, 5.52860918181657)
(11.334730580823427, 5.52860918181657)
(11.348719231602884, 5.505859638891806)
(11.36126904973074, 5.484261162088324)
(11.371420813439261, 5.465444428411271)
(11.378215300960711, 5.451040114865796)
(11.380693290527358, 5.4426788984570456)
(11.380693290527358, 5.4426788984570456)
(11.422771152071967, 5.356109133919032)
(11.525471829337377, 5.172657970839863)
(11.653495961270972, 4.952756380586792)
(11.77154418682013, 4.756835334527077)
(11.844317144932232, 4.645325804027974)
(11.844317144932232, 4.645325804027974)
(11.866698986179365, 4.611992847599209)
(11.893876936265166, 4.565230786422166)
(11.923452940770305, 4.509356118451648)
(11.953028945275442, 4.448685341642459)
(11.980206895361246, 4.387534953949402)
(11.980206895361246, 4.387534953949402)
(12.00631371447308, 4.329102361264926)
(12.030789856579764, 4.2759454883029875)
(12.052004644676153, 4.231421611250657)
(12.068327401757095, 4.198888006295006)
(12.078127450817448, 4.1817019496231005)
(12.078127450817448, 4.1817019496231005)
(12.086552615344047, 4.167089804694616)
(12.09900651129513, 4.139624088078493)
(12.114242150372641, 4.102278387254707)
(12.131012544278528, 4.058026289703235)
(12.148070704714735, 4.009841382904051)
(12.148070704714735, 4.009841382904051)
(12.167223166010496, 3.9607452154255216)
(12.187622615604308, 3.9139511801895535)
(12.207638376491031, 3.872720631206445)
(12.225639771665511, 3.84031492248649)
(12.239996124122598, 3.819995408039987)
(12.239996124122598, 3.819995408039987)
(12.254656230139467, 3.8021858572190546)
(12.271426624045354, 3.776798454433023)
(12.289060317542203, 3.746327176278)
(12.306310322331957, 3.7132659993500923)
(12.321929650116562, 3.680108900245413)
(12.321929650116562, 3.680108900245413)
(12.3370693670173, 3.6466480475809515)
(12.352880539155452, 3.6148178719216384)
(12.368116178232963, 3.586728661156487)
(12.381529295951783, 3.5644907031745157)
(12.39187290401385, 3.5502142858647376)
(12.39187290401385, 3.5502142858647376)
(12.401545056838504, 3.5354422706416306)
(12.413135653198625, 3.514051625221158)
(12.425685471326481, 3.488056715315559)
(12.438235289454338, 3.4594719066370794)
(12.449825885814459, 3.43031156489796)
(12.449825885814459, 3.43031156489796)
(12.46189609305845, 3.3997283775367)
(12.475884743837907, 3.3693370345289884)
(12.490832616385097, 3.3412478237638368)
(12.505780488932288, 3.317571033130264)
(12.519769139711746, 3.300416950517284)
(12.519769139711746, 3.300416950517284)
(12.552510576050407, 3.2578434910593463)
(12.598009661899933, 3.187164833806798)
(12.65271727671971, 3.0948077646034537)
(12.713084299969118, 2.9871990692931365)
(12.775561611107538, 2.8707655337196636)
(12.775561611107538, 2.8707655337196636)
(12.800996974981956, 2.8216693662411334)
(12.832283591639555, 2.763844280676223)
(12.8666397179539, 2.701990463686827)
(12.90128361079857, 2.640808101934846)
(12.933433527047129, 2.584997382082177)
(12.933433527047129, 2.584997382082177)
(12.961666621077441, 2.532671834652275)
(12.987597582865186, 2.479099298924319)
(13.00940389105168, 2.428308506322791)
(13.025263024278217, 2.3843281882721774)
(13.03335246118611, 2.3511870761969607)
(13.03335246118611, 2.3511870761969607)
(13.035750515605447, 2.3352000467347236)
(13.03814857002478, 2.3192130172724865)
(13.040546624444119, 2.3032259878102495)
(13.042944678863451, 2.2872389583480124)
(13.045342733282789, 2.2712519288857753)
(13.045342733282789, 2.2712519288857753)
(13.02575862219155, 2.270452577412664)
(13.006174511100307, 2.2696532259395514)
(12.986590400009067, 2.26885387446644)
(12.967006288917824, 2.268054522993327)
(12.947422177826587, 2.2672551715202163)
(12.947422177826587, 2.2672551715202163)
(12.754138991628142, 2.262538997828857)
(12.464454017772406, 2.2583024350213643)
(12.128726399065428, 2.255025093981605)
(11.797315278313254, 2.2531865855934474)
(11.520579798321931, 2.253266520740759)
(11.520579798321931, 2.253266520740759)
(11.358519280663236, 2.2521154546194775)
(11.15502038263842, 2.248854100609182)
(10.927636862597023, 2.243770225240189)
(10.693922478888577, 2.2371515950428233)
(10.471430989862627, 2.2292859765474033)
(10.471430989862627, 2.2292859765474033)
(10.255542144004579, 2.222411553878642)
(10.04022883120717, 2.2164963529776145)
(9.840934521930922, 2.2120199847281867)
(9.67310268663636, 2.209462060014229)
(9.552176795783998, 2.209302189719607)
(9.552176795783998, 2.209302189719607)
(9.461946001499133, 2.2102614114873402)
(9.379484903532916, 2.2107410223712085)
(9.310165143784655, 2.2107410223712085)
(9.259358364153664, 2.2102614114873402)
(9.232436206539258, 2.209302189719607)
(9.232436206539258, 2.209302189719607)
(9.093556881600806, 2.2049697047353414)
(9.003406022463249, 2.211572347903245)
(8.951719956211837, 2.23333069500135)
(8.92823500993181, 2.2744653218076856)
(8.922687510708414, 2.3391968041002826)
(8.922687510708414, 2.3391968041002826)
(8.92156841864606, 2.3687088604875726)
(8.918530883048234, 2.4026333370064386)
(8.914054514798806, 2.4381884905304547)
(8.908618924781646, 2.4725925779331894)
(8.902703723880618, 2.5030638560882124)
(8.902703723880618, 2.5030638560882124)
(8.896964380303677, 2.5502735540901975)
(8.894198624206709, 2.6299049478416006)
(8.894502377766493, 2.7388885276856705)
(8.897971563159796, 2.874154783965658)
(8.904702102563398, 3.032634207024814)
(8.904702102563398, 3.032634207024814)
(8.916004932393202, 3.2806090210135714)
(8.92222388685401, 3.450023572224897)
(8.924989642950976, 3.6431309010992594)
(8.925932877689249, 3.9621840480771233)
(8.926684268073974, 4.509436053598959)
(8.926684268073974, 4.509436053598959)
(8.927419671429238, 5.4676985995654475)
(8.924893720774202, 6.29694581777168)
(8.919202338285647, 6.98278938170165)
(8.91044144614034, 7.510840964839338)
(8.89870696651506, 7.866712240668734)
(8.89870696651506, 7.866712240668734)
(8.884974108206999, 8.316171586970068)
(8.879490557101452, 8.840354308977894)
(8.881872624491322, 9.34324230774202)
(8.891736621669526, 9.728817484312255)
(8.908698859928958, 9.901061739738395)
(8.908698859928958, 9.901061739738395)
(8.920577222819398, 9.916856924847087)
(8.932263741356294, 9.922388437041018)
(8.947403458257035, 9.91602559931505)
(8.969641416239003, 9.896137734664027)
(9.0026226580196, 9.861094166082804)
(None, None)
(10.071755253306701, 14.193579150349038)
(None, None)
(10.022930865329029, 14.164770523258088)
(9.977080064831334, 14.124259390600777)
(9.93765605017746, 14.076170405978369)
(9.908112019731242, 14.024628222992117)
(9.891901171856535, 13.973757495243278)
(9.891901171856535, 13.973757495243278)
(9.89222091244578, 13.901352238808807)
(9.920358084299316, 13.830002126318844)
(9.973914632997811, 13.762680745253364)
(10.050492504121927, 13.702361683092342)
(10.147693643252326, 13.652018527315759)
(10.147693643252326, 13.652018527315759)
(10.211801631395897, 13.629492802803465)
(10.264398958326657, 13.622890159635565)
(10.311720565534879, 13.633745352640421)
(10.360001394510835, 13.663593136646417)
(10.415476386744798, 13.713968266481928)
(10.415476386744798, 13.713968266481928)
(10.45851347005714, 13.759019715506511)
(10.484476405903813, 13.79188904808087)
(10.496914314825434, 13.821017415761064)
(10.499376317362618, 13.854845970103158)
(10.495411534055982, 13.901815862663211)
(10.495411534055982, 13.901815862663211)
(10.48108715565782, 13.9800563848514)
(10.458993080941006, 14.043333047462935)
(10.428074165961041, 14.09346837185651)
(10.387275266773413, 14.13228487939082)
(10.335541239433612, 14.161605091424564)
(10.335541239433612, 14.161605091424564)
(10.267052805217388, 14.18852724903897)
(10.208732121739148, 14.204802045031528)
(10.15827705675633, 14.210813168109329)
(10.113385478026368, 14.206944306979468)
(10.071755253306701, 14.193579150349038)
(None, None)
(None, None)
