(3.1159544375658346, 4.004579671331806)
(2.7938931127504567, 3.9895411193045622)
(2.5029639982565106, 3.8788996210990137)
(2.2614701024136714, 3.6871859019485336)
(2.0877144335516107, 3.4289306870864946)
(2.0000000000000013, 3.1186647017462708)
(2.0, 3.1186647017462734)
(2.014077457785617, 2.796545681602587)
(2.1238464785366773, 2.5052744078471934)
(2.3148335939850107, 2.2631961739890154)
(2.572565335862451, 2.0886562735369765)
(2.88256823590083, 2.0)
(2.8825682359008287, 2.000000000000005)
(3.2059965791905434, 2.0133583062562153)
(3.498473789840305, 2.123203905669218)
(3.741440922909187, 2.3148939869324137)
(3.916339033456265, 2.5737857387391987)
(4.004609176540611, 2.8852363497829714)
(4.004609176540607, 2.8852363497829714)
(3.9902608777982596, 3.208630972834049)
(3.8795246257221416, 3.5007810971690336)
(3.6870970491197204, 3.743168242133363)
(3.4276747767984626, 3.9172739270724746)
(3.1159544375658337, 4.004579671331808)
(None, None)
(2.9019152228186975, 2.437254549433321)
(None, None)
(2.730029678391433, 2.4976371109983435)
(2.5906015496640284, 2.604798815457528)
(2.4911976581865827, 2.747849104778821)
(2.4393848255091957, 2.915897420930172)
(2.442729873181966, 3.098053205879525)
(2.442729873181967, 3.0980532058795243)
(2.503188170402968, 3.2698935651870147)
(2.6104076039106987, 3.409263357901578)
(2.753493771565902, 3.508597785687432)
(2.92155227122932, 3.560332050208796)
(3.1036887007616976, 3.5569013531298874)
(3.103688700761696, 3.556901353129886)
(3.2754309341747536, 3.4964348956111353)
(3.414720809923747, 3.389256465913588)
(3.51401173860176, 3.24624488742625)
(3.5657571308018743, 3.0782789835381292)
(3.5624103971171714, 2.8962375776382334)
(3.5624103971171697, 2.89623757763823)
(3.501993845551601, 2.7244778771415583)
(3.3948612753785983, 2.5851426139513594)
(3.251887463558533, 2.4857888981890053)
(3.083947187051775, 2.4339738399758684)
(2.9019152228186944, 2.4372545494333195)
(None, None)
(11.948043641915119, 4.709880612718935)
(None, None)
(11.72473844279297, 4.686077833467598)
(11.37939497921081, 4.656996488060056)
(11.002827249055736, 4.6237614836572325)
(10.685849250214856, 4.587497727420049)
(10.519274980575277, 4.549330126509432)
(10.519274980575277, 4.549330126509434)
(10.420881010245003, 4.429687685004563)
(10.437051550683282, 4.295459891479727)
(10.524358306549772, 4.160032331864192)
(10.639372982504126, 4.036790592087228)
(10.738667283206, 3.9391202580781)
(10.738667283206007, 3.939120258078102)
(10.985077927044479, 3.675175090148489)
(11.231488570882952, 3.411229922218876)
(11.477899214721425, 3.147284754289264)
(11.724309858559899, 2.883339586359651)
(11.970720502398372, 2.619394418430038)
(11.970720502398372, 2.619394418430038)
(12.059055388340898, 2.5176582666472775)
(12.160033340557908, 2.400206797647832)
(12.270779371503231, 2.2865731340668454)
(12.388418493630688, 2.196290398539462)
(12.510075719394107, 2.1488917137008245)
(12.510075719394111, 2.14889171370083)
(12.735032873007073, 2.2364285427555393)
(12.724109538903065, 2.4177854615313477)
(12.574759904361555, 2.6377799064634146)
(12.384438156662002, 2.8412293139869)
(12.250598483083877, 2.9729511205369623)
(12.250598483083875, 2.9729511205369676)
(12.096378971678435, 3.1384500517664202)
(11.942159460272997, 3.3039489829958733)
(11.787939948867553, 3.469447914225325)
(11.633720437462115, 3.6349468454547775)
(11.479500926056675, 3.80044577668423)
(11.479500926056675, 3.80044577668423)
(11.40766332966482, 3.8769762186871697)
(11.334975983259318, 3.9532375731857883)
(11.262480842214044, 4.029729574116682)
(11.19121986190288, 4.1069519554164495)
(11.122234997699701, 4.185404451021688)
(11.122234997699696, 4.185404451021688)
(11.318409230017052, 4.199647879821875)
(11.654043625288516, 4.230056791024547)
(12.029161047979818, 4.268012291634137)
(12.343784362556685, 4.304895488655076)
(12.497936433484847, 4.332087489091794)
(12.49793643348486, 4.3320874890918)
(12.619552183354758, 4.4622165876103335)
(12.591846623683598, 4.627636613481376)
(12.475366466158084, 4.802345216287312)
(12.330658422464928, 4.96034004561053)
(12.218269204290834, 5.075618751033412)
(12.218269204290836, 5.075618751033412)
(12.12505803463904, 5.189282594227977)
(12.026768597048541, 5.313333619732225)
(11.919931078963613, 5.431078286206617)
(11.801075667828528, 5.5258230523116145)
(11.666732551087554, 5.580874376707681)
(11.666732551087547, 5.580874376707681)
(11.45967342573823, 5.464996799846609)
(11.473518955722504, 5.276912727182994)
(11.619025157464193, 5.059668066551042)
(11.806948047387126, 4.856308725784954)
(11.948043641915122, 4.709880612718933)
(None, None)
(6.347449206727715, 4.5763906180154725)
(None, None)
(6.2652514042170875, 4.656991430024261)
(6.1881541250026615, 4.741927990316971)
(6.114490240486236, 4.829810350656992)
(6.042592622069606, 4.919248562807716)
(5.970794141154567, 5.008852678532532)
(5.970794141154572, 5.0088526785325325)
(5.846198196593955, 5.087347661638452)
(5.701129346347385, 5.087540204201069)
(5.601435123615278, 4.998591947117738)
(5.612963061598046, 4.809664531285818)
(5.8015606934961, 4.509919597602665)
(5.801560693496094, 4.509919597602665)
(6.504252700019894, 3.811731771954776)
(7.323406992342729, 3.246805992197166)
(8.228701657477606, 2.82695782994817)
(9.189814782437537, 2.5640028568261286)
(10.176424454235534, 2.4697566444493764)
(10.176424454235534, 2.469756644449374)
(10.441127653129701, 2.4694243989380853)
(10.677734474786906, 2.481342109159254)
(10.903761908774202, 2.505595154757107)
(11.136726944658632, 2.5422689153758737)
(11.394146572007246, 2.591448770659782)
(11.394146572007253, 2.5914487706597837)
(11.32115001101345, 2.666584880795092)
(11.252033975081972, 2.7422814212965427)
(11.184680158821651, 2.818471626091637)
(11.116970256841325, 2.895088729107873)
(11.046785963749834, 2.9720659642727503)
(11.046785963749837, 2.9720659642727516)
(10.08308110124828, 2.9178755175690836)
(9.031524226621476, 3.0685941937992505)
(7.991886107543237, 3.4068405587555235)
(7.063937511687378, 3.915233178230175)
(6.347449206727714, 4.576390618015473)
(None, None)
(12.446639520458618, 3.4160350562246222)
(None, None)
(12.50825415210295, 3.3555470177531435)
(12.572464567717546, 3.290553280995015)
(12.636768051190781, 3.2234574245602676)
(12.69866188641103, 3.1566630270589338)
(12.755643357266667, 3.092573667101045)
(12.755643357266662, 3.092573667101043)
(13.697045316731451, 3.7548512932138562)
(14.480871252236891, 4.572210320031667)
(15.08509038307201, 5.520819306100297)
(15.487671928525842, 6.576846809965569)
(15.666585107887412, 7.716461390173304)
(15.666585107887391, 7.716461390173309)
(15.672238980299625, 7.823846862136086)
(15.671776675827914, 7.948824182595687)
(15.67305231245555, 8.078545940631486)
(15.683920008165808, 8.20016472532286)
(15.712233880941982, 8.300833125749188)
(15.712233880941968, 8.300833125749188)
(15.893767460047997, 8.684376224468672)
(16.080363121378184, 9.066335146376996)
(16.26929357203158, 9.4473917146994)
(16.457831519107245, 9.828227752661121)
(16.643249669704232, 10.20952508348739)
(16.643249669704232, 10.209525083487394)
(16.728345726725692, 10.373751075708306)
(16.809170778321416, 10.5303192017348)
(16.866208899177966, 10.68794951527835)
(16.879944163981897, 10.855362070050438)
(16.830860647419776, 11.041276919762543)
(16.83086064741977, 11.041276919762554)
(16.630293342412813, 11.276103650022126)
(16.329358421508164, 11.390239576557606)
(15.972692038994147, 11.42333363036293)
(15.604930349159073, 11.415034742432027)
(15.270709506291258, 11.404991843758827)
(15.270709506291269, 11.404991843758824)
(15.27080223694752, 11.631752018531696)
(15.27089496760377, 11.858512193304568)
(15.27098769826002, 12.085272368077444)
(15.271080428916271, 12.312032542850316)
(15.271173159572523, 12.538792717623188)
(15.271173159572523, 12.538792717623188)
(15.241611637966793, 13.246273335235802)
(15.119241229156206, 13.801505052188908)
(14.853609037687592, 14.201714041652247)
(14.394262168107792, 14.444126476795555)
(13.690747724963641, 14.52596853078856)
(13.690747724963638, 14.525968530788566)
(13.545396636319678, 14.525681908760152)
(13.400045547675719, 14.52539528673174)
(13.254694459031759, 14.525108664703327)
(13.1093433703878, 14.524822042674915)
(12.96399228174384, 14.524535420646501)
(12.96399228174384, 14.524535420646501)
(12.877085110705195, 14.522932360501706)
(12.791422216472249, 14.520865984278041)
(12.705637929380211, 14.519643288425069)
(12.618366579764293, 14.520571269392352)
(12.5282424979597, 14.524956923629452)
(12.52824249795969, 14.524956923629462)
(12.133877563054497, 14.708324883717331)
(11.966840988943208, 15.090022473776223)
(11.90058072002188, 15.53511546128186)
(11.808544700686575, 15.908669613709968)
(11.564180875333356, 16.075750698536265)
(11.564180875333356, 16.075750698536254)
(11.443809402269157, 16.014131008856122)
(11.385993692709643, 15.923795838357659)
(11.374070553530055, 15.813529983610527)
(11.391376791605623, 15.692118241184385)
(11.421249213811583, 15.568345407648893)
(11.421249213811588, 15.568345407648886)
(11.55995539222978, 14.974343171918335)
(11.690688083019907, 14.550270706774112)
(11.90136404116541, 14.274661708300027)
(12.27990002164971, 14.126049872579886)
(12.914212779456244, 14.0829688956975)
(12.914212779456252, 14.082968895697505)
(13.058670281776337, 14.083162787069664)
(13.20312778409642, 14.083356678441826)
(13.347585286416505, 14.083550569813989)
(13.492042788736589, 14.08374446118615)
(13.636500291056674, 14.083938352558311)
(13.636500291056674, 14.083938352558311)
(14.2323608491385, 14.014785224364333)
(14.585822122970086, 13.810817233290848)
(14.76006100285181, 13.477499081211342)
(14.81825437908405, 13.020295469999294)
(14.823579141967185, 12.444671101528185)
(14.823579141967196, 12.444671101528199)
(14.823562281847877, 12.147258596751556)
(14.823545421728559, 11.849846091974909)
(14.823528561609242, 11.552433587198264)
(14.823511701489924, 11.255021082421619)
(14.823494841370604, 10.957608577644974)
(14.823494841370604, 10.957608577644974)
(15.059083311820979, 10.959998668159553)
(15.42556565580217, 10.963831310483013)
(15.82661866283859, 10.964327672395749)
(16.16591912245465, 10.95670892167815)
(16.347143824174765, 10.93619622611061)
(16.34714382417476, 10.936196226110603)
(16.37377910347159, 10.919264957088675)
(16.39419097552561, 10.895027861163697)
(16.40995552429071, 10.86629518302366)
(16.422648833720764, 10.835877167356555)
(16.433846987769662, 10.806584058850373)
(16.433846987769655, 10.806584058850373)
(16.377827892524714, 10.665173180091125)
(16.30572626666433, 10.51330228330674)
(16.22566733889044, 10.358082966825716)
(16.145776337904955, 10.206626828976564)
(16.07417849240981, 10.066045468087781)
(16.074178492409803, 10.066045468087777)
(15.90842429897387, 9.72888860404186)
(15.74080470193655, 9.390386302474335)
(15.573763744194233, 9.050912858034069)
(15.409745468643322, 8.710842565369934)
(15.25119391818021, 8.370549719130796)
(15.251193918180213, 8.370549719130787)
(15.24096218617065, 8.29947554894167)
(15.23442686672045, 8.166185515253321)
(15.230347729452555, 8.00825880081215)
(15.227484543989906, 7.8632745883645585)
(15.224597079955439, 7.768812060656948)
(15.224597079955434, 7.768812060656952)
(15.049972777746088, 6.675779966911646)
(14.669452024015621, 5.685371373028827)
(14.098447665440146, 4.806201125575427)
(13.352372548695774, 4.046884071118377)
(12.446639520458618, 3.416035056224611)
(None, None)
(3.4086039586350303, 5.40447537833888)
(None, None)
(3.266044703428766, 5.4418390887603945)
(3.129468902247172, 5.405790467645715)
(3.056404428692755, 5.2993036400426075)
(3.1043791563680236, 5.125352730998838)
(3.3309209588754847, 4.886911865562174)
(3.330920958875484, 4.886911865562177)
(3.583738785257337, 4.708789088594262)
(3.8456024028558993, 4.572714774801675)
(4.119103549212797, 4.474324850900039)
(4.406833961869655, 4.409255243604978)
(4.711385378368098, 4.373141879632117)
(4.711385378368098, 4.373141879632115)
(4.964594359518138, 4.394762622241263)
(5.0794276205886275, 4.49289728393642)
(5.094662087202352, 4.621554156836069)
(5.0490746849820916, 4.734741533058699)
(4.981442339550632, 4.78646770472279)
(4.981442339550632, 4.786467704722785)
(4.586949604941005, 4.830132041733588)
(4.272638876976297, 4.895869646956044)
(3.9982906782248415, 5.001575851034708)
(3.723685531254974, 5.165145984614136)
(3.4086039586350276, 5.404475378338878)
(None, None)
(5.480796923463459, 8.146563033985792)
(None, None)
(4.533140196933932, 7.911808127834518)
(4.048354442124138, 7.287414515425383)
(4.0125199445248025, 6.514733455991797)
(4.411716989626653, 5.835116208767161)
(5.232025862920412, 5.489914032984885)
(5.232025862920411, 5.489914032984891)
(5.743354166370781, 5.5520108640417325)
(6.1592656593601225, 5.803830571359937)
(6.454275934336281, 6.196022911289761)
(6.602900583747103, 6.679237640181468)
(6.579655200040433, 7.204124514385314)
(6.579655200040433, 7.2041245143853105)
(6.752727696867712, 7.257933922392382)
(6.884101746596715, 7.341931711241442)
(6.9838023761741646, 7.4540056451842815)
(7.061854612546783, 7.592043488472688)
(7.128283482661295, 7.753933005358454)
(7.1282834826612955, 7.753933005358462)
(7.431810815512337, 7.903121119956903)
(7.615592185725894, 8.085002354723274)
(7.7094275169948565, 8.307262900852448)
(7.743116733012118, 8.577588949539301)
(7.74645975747057, 8.903666691978705)
(7.746459757470574, 8.903666691978717)
(8.082013561371696, 8.675415071050939)
(8.346321896271428, 8.360948218381342)
(8.530454294169195, 7.988473787994391)
(8.625480287064423, 7.586199433914546)
(8.622469406956544, 7.182332810166272)
(8.622469406956544, 7.182332810166273)
(8.615375343152131, 7.110897833423741)
(8.6178348973583, 7.040583717413497)
(8.636629883969686, 6.98009837656111)
(8.678542117380923, 6.938149725292149)
(8.750353411986643, 6.9234456780321825)
(8.750353411986637, 6.9234456780321825)
(8.916375344117348, 6.926075519443466)
(9.082591504822602, 6.927448944763143)
(9.248862292314453, 6.927958457568944)
(9.415048104804935, 6.927996561438603)
(9.5810093405061, 6.927955759949851)
(9.5810093405061, 6.927955759949855)
(10.173035570252532, 6.927837739114626)
(10.765061799998968, 6.927719718279397)
(11.3570880297454, 6.927601697444169)
(11.949114259491836, 6.92748367660894)
(12.54114048923827, 6.927365655773711)
(12.54114048923827, 6.927365655773711)
(12.703655179348365, 6.921466300024201)
(12.879907494679095, 6.915597292489465)
(13.051506417077947, 6.927350481666325)
(13.200060928392404, 6.974317716051605)
(13.307180010469951, 7.074090844142125)
(13.307180010469951, 7.074090844142121)
(13.28259323567031, 7.260166202190139)
(13.187367956164735, 7.354086171258081)
(13.043630043737158, 7.38501740895724)
(12.873505370171507, 7.382126572898906)
(12.699119807251705, 7.374580320694376)
(12.699119807251714, 7.374580320694374)
(11.978459297165516, 7.374504450157441)
(11.25779878707932, 7.374428579620508)
(10.537138276993124, 7.374352709083576)
(9.816477766906928, 7.374276838546643)
(9.095817256820732, 7.37420096800971)
(9.095817256820732, 7.37420096800971)
(9.071144832614952, 7.6054587482119596)
(9.035197035013796, 7.825787124667248)
(8.98294010679356, 8.03918801529699)
(8.909340290730544, 8.249663338022604)
(8.80936382960104, 8.461215010765503)
(8.80936382960105, 8.461215010765505)
(8.452386546486803, 8.951266518040825)
(7.998489204673099, 9.298015778371754)
(7.476889042129185, 9.482092537875769)
(6.916803296824311, 9.484126542670342)
(6.347449206727724, 9.284747538872944)
(6.347449206727715, 9.284747538872942)
(6.163118871029151, 9.395162437074852)
(5.971978395935497, 9.485019454589445)
(5.7746327225278975, 9.55785719325927)
(5.571686791887498, 9.617214254926875)
(5.363745545095442, 9.666629241434801)
(5.3637455450954405, 9.66662924143479)
(5.5402622270970845, 10.341624455549475)
(5.81579299461753, 10.98662754061104)
(6.177205163517291, 11.591018644663206)
(6.611366049656873, 12.144177915749697)
(7.105142968896786, 12.63548550191424)
(7.105142968896786, 12.635485501914234)
(7.448382626790398, 12.908744536957718)
(7.760756127045422, 13.154105469767426)
(8.006278579798202, 13.424942717272014)
(8.14896509518508, 13.774630696400138)
(8.152830783342406, 14.256543824080458)
(8.152830783342402, 14.256543824080472)
(8.10080686197115, 14.574752274429208)
(8.033879943931971, 14.90413291424309)
(7.959139372195874, 15.237598423765435)
(7.883674489733855, 15.568061483239559)
(7.814574639516923, 15.888434772908775)
(7.814574639516925, 15.888434772908784)
(7.739485400513321, 16.021108737837235)
(7.608802278473989, 16.100966692988855)
(7.4784408475112505, 16.07396858392429)
(7.404316681737434, 15.8860743562042)
(7.442345355264868, 15.48324395538923)
(7.442345355264863, 15.483243955389243)
(7.469810489634544, 15.349543209194298)
(7.497275624004223, 15.215842462999356)
(7.5247407583739045, 15.082141716804413)
(7.552205892743583, 14.948440970609472)
(7.579671027113264, 14.814740224414528)
(7.579671027113264, 14.814740224414528)
(7.685448043693064, 14.306207665949534)
(7.721899621659453, 13.967962987005194)
(7.651839081843759, 13.718262259482927)
(7.438079745077309, 13.47536155528416)
(7.0434349321914285, 13.157516946310317)
(7.043434932191428, 13.157516946310315)
(6.443946750837054, 12.6175426257332)
(5.903761004363691, 11.970659637367635)
(5.451922957523536, 11.247406378132652)
(5.117477875068792, 10.478321244947292)
(4.9294710217516595, 9.693942634730593)
(4.929471021751652, 9.693942634730604)
(3.729322240065743, 9.450465314451147)
(2.891261245980921, 8.756719624440077)
(2.399408032635, 7.884269483344609)
(2.2378825931657937, 7.104678809811953)
(2.390804920711115, 6.689511522489324)
(2.390804920711113, 6.689511522489328)
(2.5211997009898646, 6.664883608998548)
(2.610335880963118, 6.716124209226269)
(2.665167045921124, 6.815978603091901)
(2.692646781154134, 6.93719207051486)
(2.6997286719523976, 7.05250989141456)
(2.6997286719523976, 7.052509891414563)
(2.8812134915933565, 7.952989306472106)
(3.3793250800695542, 8.655147184415899)
(4.101750035362661, 9.108164428001187)
(4.9561749554543475, 9.261221939983203)
(5.850286438326284, 9.06350062311719)
(5.850286438326281, 9.063500623117186)
(5.99510575880694, 8.983883093267046)
(6.104170835856217, 8.908631659915603)
(6.200987373423062, 8.857205598375382)
(6.30906107545642, 8.849064183958912)
(6.451897645905235, 8.903666691978724)
(6.451897645905228, 8.903666691978717)
(6.365846631725572, 8.598206515049014)
(6.216325361169398, 8.485273389425707)
(6.012719525458874, 8.449359986467963)
(5.764414815816172, 8.374958977534938)
(5.480796923463459, 8.146563033985796)
(None, None)
(5.191435125661354, 5.94256608638574)
(None, None)
(4.659136880207524, 6.210825758848932)
(4.425562182408538, 6.707395051050358)
(4.5016019949393105, 7.240513709910219)
(4.898147280474761, 7.618421482348717)
(5.626089001689801, 7.649358115286053)
(5.626089001689804, 7.649358115286061)
(5.730527999200499, 7.706001372148171)
(5.786029488782367, 7.768977289826274)
(5.821033794106464, 7.836879734369214)
(5.863981238843849, 7.908302571825836)
(5.9433121466655745, 7.981839668244986)
(5.9433121466655745, 7.9818396682449855)
(6.11713896523116, 8.037486829257764)
(6.341661464968095, 8.068594423804992)
(6.574315263049911, 8.150539324525846)
(6.772535976650137, 8.3586984040595)
(6.893759222942305, 8.768448535045126)
(6.893759222942298, 8.768448535045119)
(6.897316033713708, 8.829143615781827)
(6.898542101590541, 8.885511041091888)
(6.897989764081671, 8.940395450306703)
(6.8962113586959655, 8.99664148275767)
(6.893759222942297, 9.057093777776196)
(6.893759222942298, 9.057093777776194)
(6.978885628178532, 9.054350299160703)
(7.060347992284491, 9.05553994917981)
(7.139327872422009, 9.058101338506662)
(7.217006825752917, 9.059473077814408)
(7.294566409439052, 9.057093777776197)
(7.294566409439053, 9.057093777776194)
(7.296317501431463, 8.939882902679422)
(7.298509654145241, 8.814350547091859)
(7.298751428256266, 8.686651328969496)
(7.2946513844404155, 8.562939866268323)
(7.283818083373568, 8.449370776944328)
(7.283818083373571, 8.449370776944326)
(7.23702754303875, 8.339398288273332)
(7.147110166296997, 8.263543262650288)
(7.034134215970623, 8.20844843914638)
(6.918167954881936, 8.160756556832801)
(6.819279645853246, 8.107110354780733)
(6.819279645853247, 8.107110354780726)
(6.762463741369317, 8.042465959694876)
(6.724844094336548, 7.958686003587409)
(6.695197934931841, 7.867134881283702)
(6.6623024933320885, 7.779176987609134)
(6.61493499971419, 7.706176717389081)
(6.614934999714193, 7.7061767173890825)
(6.490000841160047, 7.623659921420949)
(6.370960305914843, 7.5914806976898435)
(6.26020685651702, 7.56184060792809)
(6.160133955505021, 7.486941213868013)
(6.073135065417284, 7.318984077241937)
(6.073135065417284, 7.318984077241937)
(6.090357340098647, 7.26228484478369)
(6.109074770161166, 7.205644285540671)
(6.127889314510959, 7.149070492370152)
(6.145402932054143, 7.092571558129406)
(6.160217581696838, 7.036155575675706)
(6.160217581696839, 7.0361555756757115)
(6.172642815229731, 6.682732068511397)
(6.058319741369817, 6.367668704820316)
(5.84090580513991, 6.119958145782395)
(5.54405845156282, 5.968593052577559)
(5.191435125661361, 5.942566086385739)
(None, None)
(2.724201135143061, 6.249546708875579)
(None, None)
(2.6482244131787764, 6.24366219003107)
(2.5802598222360293, 6.215469710113992)
(2.52451079238233, 6.168507870966895)
(2.485180753685188, 6.106315274432324)
(2.4664731362121133, 6.032430522352826)
(2.46647313621211, 6.032430522352833)
(2.4718300344826694, 5.956420383632059)
(2.4995501275766823, 5.888262339680251)
(2.546121722402034, 5.832186931636784)
(2.608033125866611, 5.792424700641032)
(2.681772644878299, 5.773206187832368)
(2.681772644878298, 5.773206187832372)
(2.7082541598869425, 5.772147709541563)
(2.7345717945358117, 5.774004683083293)
(2.760486809535358, 5.778738667385515)
(2.7857604655960326, 5.786311221376181)
(2.8101540234282867, 5.796683903983249)
(2.8101540234282845, 5.796683903983251)
(2.8626031570087473, 5.831698999783711)
(2.903180068969963, 5.877953051121819)
(2.930472555717822, 5.932613557952084)
(2.9430684136582137, 5.99284802022901)
(2.9395554391970293, 6.0558239379071095)
(2.9395554391970338, 6.055823937907118)
(2.9197438548312276, 6.115702988868817)
(2.885952264169464, 6.167127027194722)
(2.840531035285207, 6.207983817136625)
(2.7858305362519187, 6.236161122946317)
(2.724201135143062, 6.249546708875586)
(None, None)
(10.97386594769774, 6.4698241677705255)
(None, None)
(10.903829686453866, 6.476394556268907)
(10.837449373482992, 6.461680730139736)
(10.779018269568361, 6.4281408947796335)
(10.73282963549321, 6.378233255585224)
(10.70317673204078, 6.314416017953131)
(10.703176732040767, 6.314416017953137)
(10.694689010773496, 6.244577020105286)
(10.707574525563778, 6.177817354449747)
(10.739494440659767, 6.118490978199306)
(10.788109920309612, 6.0709518485667475)
(10.851082128761464, 6.039553922764856)
(10.851082128761464, 6.039553922764859)
(10.898267195888337, 6.0300947214224605)
(10.945595911231802, 6.0308588220299715)
(10.991482074766383, 6.041477999581475)
(11.034339486466607, 6.061584029071057)
(11.072581946306999, 6.090808685492806)
(11.072581946306995, 6.090808685492806)
(11.103700331330586, 6.127506421201244)
(11.125944898354515, 6.169282424848384)
(11.138868517014457, 6.214568705337615)
(11.142024056946086, 6.261797271572326)
(11.134964387785082, 6.309400132455905)
(11.13496438778509, 6.309400132455912)
(11.117902621439637, 6.354397093297641)
(11.092114731739755, 6.394087162982708)
(11.058747881203859, 6.427321155778372)
(11.01894923235038, 6.452949885951889)
(10.973865947697742, 6.469824167770518)
(None, None)
(None, None)
