(6.354896354895283, 2.008730652071194)
(6.262223595241705, 2.0151735032142915)
(6.079805115357262, 2.034317013921455)
(5.828853540023797, 2.078895487888053)
(5.740907780817242, 2.0763721780408853)
(5.65952262721332, 2.0843121930266335)
(5.560676169467012, 2.0990146784027868)
(5.464151156780093, 2.1175525947466336)
(5.310397476759457, 2.154594783303028)
(4.918897542938851, 2.220116729001101)
(4.734561347570561, 2.25682247624454)
(4.565062214103611, 2.2967580600923516)
(4.422612962198274, 2.33699644112182)
(4.183319078358714, 2.4282056810640418)
(3.999908096601052, 2.4914902920309636)
(3.9120464477227386, 2.5255717970333476)
(3.7042266487101596, 2.6210874857814006)
(3.388661519223599, 2.777398119780499)
(3.24533751990458, 2.8407836631413055)
(3.1559282409866714, 2.8750333888001705)
(3.109162898485863, 2.899694537039803)
(3.0075576219733193, 2.9698089066597197)
(2.8193859956373384, 3.127549416238879)
(2.63422551905231, 3.274254650753101)
(2.498959289178572, 3.4015135773784992)
(2.3681340846358485, 3.5398750673314248)
(2.2586056152032037, 3.671675951681721)
(2.187229590659705, 3.779253061499224)
(2.148219220422522, 3.867097888311891)
(2.1108237684875233, 3.976845044597959)
(2.0771628151263313, 4.1011264656036985)
(2.0493559406105635, 4.232574086575393)
(2.0295227252118404, 4.363819842759311)
(2.013457652518217, 4.586476703673226)
(2.003448523457794, 4.895027031784663)
(2.0, 5.231030971033264)
(2.0036167441142716, 5.536048665358672)
(2.0148034177700396, 5.751640258700522)
(2.030548871216355, 5.940097860152514)
(2.0428626232705236, 6.151063385441224)
(2.0523502682958665, 6.405530772495079)
(2.074420818425744, 7.573587722813792)
(2.110672369896693, 8.49636213392234)
(2.1224982820470784, 9.12279903657973)
(2.1290757097153565, 9.82988092195254)
(2.129294396568778, 10.471962345662362)
(2.118225477372544, 11.022060714410161)
(2.117350729958859, 11.25645937714622)
(2.1337354218997904, 11.668919604763948)
(2.145342647196752, 12.118893038776209)
(2.1625011541574795, 13.107054819057648)
(2.161996492188047, 13.374138755347326)
(2.1325242331731507, 14.24589184134618)
(2.1208160754823004, 14.510687976707764)
(2.109915376942544, 14.686865470236885)
(2.091831656371188, 14.853622607003249)
(2.087861648878314, 14.967911721014215)
(2.0907718662353783, 15.019858259734535)
(2.1175525947466314, 15.250354203240311)
(2.1412044190474004, 15.5868459823927)
(2.1569835166250106, 15.744250050658904)
(2.1755887212314464, 15.87611822327179)
(2.1969191004728224, 15.983056094594678)
(2.22087372195525, 16.065669258990887)
(2.276655691643263, 16.224570491099747)
(2.293696444144455, 16.282320642468548)
(2.3037728614674715, 16.326545853056544)
(2.3109222393677737, 16.37827370492344)
(2.321621073119758, 16.414037416490604)
(2.358764194070039, 16.516954814123675)
(2.4175404914433556, 16.656207873555935)
(2.453909797373838, 16.7251783427118)
(2.49603224975586, 16.7901115161122)
(2.5480460767387716, 16.857567999359766)
(2.715122832752446, 17.05071895712749)
(2.836847299779726, 17.203429669077966)
(2.8695493953989963, 17.238503675953574)
(2.9570577808987077, 17.319249591062878)
(3.2953831652067027, 17.59227171652622)
(3.448615361192261, 17.712364443185667)
(3.5916533853952672, 17.806113815040703)
(3.741554812382567, 17.882502815147234)
(3.915377216720997, 17.950514426561178)
(4.240901009071038, 18.054996276299494)
(4.326592611480789, 18.086016165353985)
(4.391037944977407, 18.114159481182707)
(4.447459153160036, 18.130779682042707)
(4.522956583787234, 18.147198018114935)
(4.840590827348471, 18.196621246988087)
(4.97577294689397, 18.228044865618127)
(5.05852068781536, 18.231459744944626)
(5.187596397530717, 18.231140125697316)
(5.8260947212575624, 18.212131191515333)
(6.412175488425946, 18.204359397186064)
(6.716318435337668, 18.20395566761052)
(7.718257487384634, 18.213090049257257)
(8.212304733394056, 18.21140784269248)
(8.62865085817642, 18.21864133092102)
(9.346448399366864, 18.25004812748541)
(9.719225374121493, 18.26034323166185)
(9.879371439088288, 18.26200861616098)
(10.487186315073593, 18.25300881103942)
(11.015298244019757, 18.25142753686853)
(11.507478240742278, 18.25549847675529)
(11.883686916889058, 18.264515103942497)
(12.063884884107994, 18.27777089167294)
(12.142696261667805, 18.28737629115782)
(12.303262878275794, 18.296073299097717)
(12.549117367717985, 18.303962847886524)
(13.310820500249113, 18.3177232975864)
(14.180353073582461, 18.324721276895872)
(14.375909586737814, 18.32090266799383)
(14.472552353884263, 18.31112904785247)
(14.5157009522708, 18.294592957320713)
(14.54493770236663, 18.26929257058646)
(14.554795432836224, 18.247625750032135)
(14.551447841772317, 18.239921243965455)
(14.51864481375916, 18.233427926625414)
(14.438908222588719, 18.226833676891488)
(14.008936224631661, 18.210482629081852)
(12.610282398413284, 18.183483213717178)
(12.177046919720558, 18.16750225135179)
(11.576835617408044, 18.13483379986382)
(11.201434400412356, 18.128542347311555)
(10.79010125119303, 18.130426418664104)
(10.395018217389453, 18.1402841491337)
(9.863508231182436, 18.16948725509823)
(9.712345149271556, 18.17177505602633)
(9.518807283993937, 18.15155493311771)
(9.259697006821298, 18.134884266060762)
(8.936191862348995, 18.12013131448767)
(8.588765740525552, 18.10901192909449)
(8.25789253129952, 18.103241960577304)
(6.553800459114543, 18.096395379858663)
(5.983667010180245, 18.102720476542224)
(5.103317848635378, 18.119929449699892)
(4.963055465264253, 18.116077196666552)
(4.851962543726364, 18.103342892971188)
(4.611777090407472, 18.06340730912338)
(4.523764042938328, 18.04438155287575)
(4.376806477439391, 18.00421046010887)
(4.167674557306286, 17.923414078802615)
(3.8883778013563224, 17.832288949188637)
(3.754255471946635, 17.779820926433235)
(3.6379981762548796, 17.720893230469088)
(3.5275949594085505, 17.649248052875222)
(3.3215751214202847, 17.4874702475406)
(3.1629093982304965, 17.369379346693236)
(3.1123590909589405, 17.32959516143626)
(3.007725842629797, 17.233877607900432)
(2.9617174930831394, 17.185009507193655)
(2.8299166087328453, 17.02496437462075)
(2.7209937336635193, 16.919355446484037)
(2.650088726958159, 16.835514271295537)
(2.5801930441916654, 16.74117612714283)
(2.521904586722134, 16.650774346351703)
(2.4858212559076627, 16.578742261247942)
(2.47360843624738, 16.543769186766227)
(2.433942005449934, 16.411598216971676)
(2.385057082677507, 16.229028338496406)
(2.345357007748764, 16.111307523093295)
(2.3260116322538265, 16.065669258990887)
(2.3178529304146567, 16.03136906713508)
(2.27924628975302, 15.744771534693985)
(2.2037320370601696, 15.061526516344067)
(2.1981134671338145, 14.98697112139314)
(2.1977433816895626, 14.930179827766262)
(2.2099057351529012, 14.72148528134)
(2.221361561859035, 14.411252746663783)
(2.232413658989622, 13.98878338998563)
(2.2545178532507943, 12.764338875615582)
(2.2602037114397406, 12.150131614684122)
(2.258000020839883, 11.947240680906342)
(2.252566493635653, 11.801174684886735)
(2.2296380181577384, 11.524771324228189)
(2.2229428360299264, 11.277251450286867)
(2.2288810252035893, 10.416079443580461)
(2.2285614059562815, 8.725680532832772)
(2.2158102801952695, 8.414371385955096)
(2.179323219805252, 7.9587625599508325)
(2.1698187527142614, 7.789835376715905)
(2.1543424523183097, 7.38617308943196)
(2.1366288171912053, 6.184085100307805)
(2.1269056632467938, 5.944404308958346)
(2.1037416788498122, 5.584899943999803)
(2.0950278488442655, 5.362815033317913)
(2.0968109878029293, 5.204923125147923)
(2.107324778832787, 5.0472162597000585)
(2.363003354613277, 5.580257053881017)
(2.4074640741203392, 5.658210506092793)
(2.4567695485339605, 5.72596978652202)
(2.520912084848916, 5.7973626331311685)
(2.6098839900599833, 5.8862167838827)
(2.7370588063571404, 6.0056198058505865)
(2.84202849599924, 6.095550568803577)
(2.9508336166090317, 6.175943220534281)
(3.0178190820184607, 6.237680201461606)
(3.045239049024329, 6.253930316877352)
(3.0702029944456237, 6.260137659101383)
(3.0922062563129096, 6.270836492853365)
(3.119558935056187, 6.287187540663)
(3.2965943539333424, 6.409820399235259)
(3.448934980439569, 6.496083951877034)
(3.814091559455761, 6.731693803339733)
(4.04416695132034, 6.869988005030069)
(4.117208360362969, 6.910293674322131)
(4.285782280219294, 6.992267600223726)
(4.368445910812447, 7.01709696911984)
(4.638944726428624, 7.074830298422991)
(5.086933156694449, 7.194132387996993)
(5.206874484763066, 7.213545051754522)
(5.410589699757587, 7.232856783118163)
(5.675873675022955, 7.250452663785734)
(5.980521283904109, 7.264717775455044)
(6.558359238905089, 7.284365948131644)
(6.765943528998597, 7.299135721770387)
(6.88230175708424, 7.314443801509861)
(7.012706409985769, 7.322215595839132)
(7.081239505434795, 7.322619325414676)
(7.317118509947857, 7.31096163392077)
(7.506871410454727, 7.305662683241725)
(7.704194240503096, 7.304401028318141)
(7.898489098734865, 7.3071766691500235)
(8.166330027978695, 7.316546559715833)
(8.343500023381033, 7.314897997282352)
(8.655986714854048, 7.29314706639978)
(8.97510130019229, 7.281825816218829)
(9.393129631539429, 7.2727250787033855)
(9.867175441493652, 7.266955110186198)
(10.634093414375592, 7.261992600820109)
(10.804837380700478, 7.252706820582536)
(10.831668575408676, 7.246701343146281)
(10.843124402114809, 7.237903402812498)
(10.866793048481224, 7.234353946960818)
(10.90933605250444, 7.236254840379013)
(11.111520459525014, 7.2607645900278195)
(11.143936580028274, 7.261387006456787)
(11.198877446433896, 7.254254450622132)
(11.237786884277194, 7.238895904685716)
(11.258713533943022, 7.235733356343933)
(11.283071885000997, 7.237314630514825)
(11.404426266584025, 7.2715980003049845)
(11.444563715219608, 7.277990385251136)
(11.496998093843715, 7.270353167447048)
(11.783074142249731, 7.254641358132029)
(12.411075497012364, 7.23183063711365)
(13.50255840450242, 7.229189572806951)
(13.794690396541633, 7.226380287843771)
(14.018289293131822, 7.2203411662762225)
(14.210498215223268, 7.209961951771548)
(15.018192875235407, 7.150411839378434)
(15.072410392818176, 7.141210169469102)
(15.104523716139772, 7.129586122106491)
(15.121295315590602, 7.114227576170075)
(15.130345586909103, 7.089970157505987)
(15.130110077990032, 7.0685388458707274)
(15.125500832002544, 7.061658621020786)
(15.071434713010605, 7.044214138944046)
(14.9664986674998, 7.037165693437632)
(14.828456796794184, 7.040311419713763)
(14.675073202217794, 7.0534494529846725)
(14.409856515215019, 7.095992457007888)
(14.293380532669843, 7.110156636283315)
(14.158332989649528, 7.119980722621615)
(13.767119030944935, 7.131049641817847)
(13.177875715434768, 7.136028973249588)
(12.864295589694644, 7.131520659655985)
(12.114401547248253, 7.1525987079126425)
(11.733348116194918, 7.1589238045962045)
(10.948043625559961, 7.155710790057479)
(10.359288149953585, 7.1596976196160025)
(9.7312699731253, 7.1694375956260625)
(9.138981863732887, 7.18402232654268)
(8.528626855834768, 7.207859193565576)
(8.29587675553219, 7.212838524997317)
(7.908397295401402, 7.204141517057418)
(6.985286442979899, 7.205403171981001)
(6.31346360720482, 7.192029629791022)
(5.7247081315984385, 7.167553524273514)
(5.290076421456947, 7.135002827245072)
(5.080624882076534, 7.097405510522303)
(4.930437479973222, 7.051228940319169)
(4.488622747800132, 6.936973470439498)
(4.307550033167514, 6.883075572104037)
(4.170988504238897, 6.829278606162459)
(4.048961240029957, 6.763773482530034)
(3.818229787605113, 6.613956165870975)
(3.7548442442443064, 6.5769812655771736)
(3.7245813481439645, 6.565458150608447)
(3.6792458812232174, 6.525573032957581)
(3.61572576133723, 6.482037527061147)
(3.354613658352508, 6.329881943277046)
(3.178015613182196, 6.215710583725615)
(3.0031334187079546, 6.09124411999775)
(2.8341053030791388, 5.959409591516159)
(2.6750694944451006, 5.823134037703554)
(2.586686361531705, 5.739074175661635)
(2.517076653881223, 5.655821772770812)
(2.4567527264683133, 5.558035105160311)
(2.3962269342676272, 5.430372448959368)
(2.292939451190306, 5.176880741713088)
(2.2397985458089935, 5.057730050729916)
(2.201057328622174, 4.942683943764802)
(2.1680692578868923, 4.792917093302686)
(2.144568832176956, 4.632754206270247)
(2.134290550066165, 4.4865199895941625)
(2.1409689101283313, 4.378539150201111)
(2.2020330084297446, 4.095793870793355)
(2.2560318391590943, 3.905603596579641)
(2.321133233215973, 3.7693112207013924)
(2.4155050214999756, 3.648259636300021)
(2.557315034910695, 3.5037917365169537)
(2.7466137396450767, 3.3269581824275725)
(2.9230940303558555, 3.1771745098998085)
(3.0825167464997927, 3.0577714879319213)
(3.220642727533651, 2.972079885522169)
(3.4351072424771, 2.88137530754938)
(3.5809881957745793, 2.80904042526396)
(3.7398053175551977, 2.7242235702678896)
(3.9321488161718254, 2.6352011988598805)
(4.026402849996295, 2.5964431596074116)
(4.322925401169577, 2.4875371066037353)
(4.48450134171643, 2.4202824881439406)
(4.591674721958385, 2.389329887352041)
(4.719135513371555, 2.3588819485295742)
(4.852551316024037, 2.332471305462569)
(5.024607403469453, 2.306464391971116)
(5.156997060117419, 2.2821396850444353)
(5.5248619917029025, 2.2045226741456134)
(5.854338969480169, 2.160213353229385)
(6.139876711785459, 2.1174011961558032)
(6.309577710040185, 2.100242689195076)
(6.37545291911686, 2.0984763723020596)
(6.476032049624891, 2.104599604197849)
(6.544952052583814, 2.1048182910512687)
(6.714787627363722, 2.0974838704288414)
(6.918738351277313, 2.0816711287199348)
(7.030958351213603, 2.077246925454572)
(7.1493352271769774, 2.0775665447018796)
(7.283760353768325, 2.0827309188557424)
(7.742952279755561, 2.111580761441674)
(8.333238563335893, 2.1425838284305194)
(8.579580892681868, 2.1638132752780073)
(8.679638539154816, 2.1757401198222786)
(9.098137888340098, 2.2514730593685486)
(9.24354782379944, 2.2837714254122687)
(9.403895753554004, 2.324144382966924)
(9.719309484449735, 2.4103574694117564)
(9.879606948007357, 2.4628927804297502)
(10.071597183245382, 2.5429826349787934)
(10.289627976106157, 2.64790185842395)
(10.528047112532034, 2.7749252761302774)
(10.781202378465359, 2.921327713462839)
(10.961669498734661, 3.037669119482831)
(11.093487205150604, 3.145532204416347)
(11.190584168069545, 3.2616717456485667)
(11.266889057847841, 3.402842520564673)
(11.336330544841843, 3.585799306549843)
(11.358788002481619, 3.661229448914453)
(11.37418019254933, 3.7315120391908474)
(11.384021100953278, 3.8086580322515307)
(11.38982471360176, 3.9046783829690126)
(11.394484425786194, 4.1691380770176405)
(11.392028404201616, 4.259960409449965)
(11.383415506589957, 4.320906753291844)
(11.36632428789182, 4.368832818322346)
(11.144979548098433, 4.763343901893902)
(11.061912187929732, 4.902310986210148)
(10.983588650273706, 5.006557327029395)
(10.897594250682296, 5.087791082042486)
(10.791514304707444, 5.157720408940273)
(10.652934127901094, 5.228053465413611)
(10.47689121089716, 5.297965970245751)
(10.257447364521969, 5.363437449746881)
(10.014789067552856, 5.420026878585988)
(9.769102798767141, 5.463293231432056)
(9.540575036942155, 5.48879548295408)
(9.4111124197169, 5.497845754272582)
(9.190255519827296, 5.519192955579605)
(8.754008891383618, 5.540910242330877)
(8.468168351896672, 5.560289261957113)
(8.20285073250001, 5.569877839376341)
(7.849015403664766, 5.569373177406909)
(7.4680292608740215, 5.560289261957113)
(7.121259199610844, 5.54414007893525)
(6.870072115358308, 5.522439614249625)
(6.602971357002981, 5.481158265149992)
(6.499448365006591, 5.459003604691876)
(6.403697167339471, 5.433417242841616)
(6.211387312854138, 5.3730092051004625)
(6.077281805510098, 5.341350077551354)
(5.932241955495005, 5.29744448621067)
(5.794755212955762, 5.240047598220471)
(5.642835138090732, 5.1572157469708415)
(5.496365412495576, 5.0618682788792695)
(5.3752297177659685, 4.966924540363243)
(5.299311735497573, 4.885303877840251)
(5.275357114015145, 4.847067322622865)
(5.260587340376404, 4.813574589918151)
(5.253589361066927, 4.777962276941814)
(5.252950122572312, 4.733366980909572)
(5.257256571378143, 4.672925299037125)
(5.27411228115721, 4.544707514669804)
(5.301263095112715, 4.448081569589002)
(5.349004117421092, 4.364677768107345)
(5.427630452258779, 4.276126414537474)
(5.547437203802215, 4.164057813192015)
(5.625996250377312, 4.101866636492202)
(5.7232277898214345, 4.044015552729512)
(5.847206413645514, 3.986770063330143)
(6.0060067133604855, 3.9263956697202893)
(6.207703280477276, 3.8591578733261427)
(6.344029300486822, 3.825278233111531)
(6.515076063993369, 3.799069454832302)
(6.727303244205664, 3.7801278089129067)
(6.987170514332451, 3.768049565777809)
(8.059577199377934, 3.7540199630275657)
(8.095273622682505, 3.7498985569438634)
(8.120574009416753, 3.74325384101299)
(8.137093277882865, 3.733581153265524)
(8.146446346383028, 3.7203758317320217)
(8.14605943887313, 3.6854364013815983)
(8.102978128749184, 3.6624069935097996)
(7.999741111868806, 3.649067095451114)
(7.818887084089607, 3.643196194540043)
(7.542954741269199, 3.6425737781110747)
(7.132832780776509, 3.650766124081541)
(6.77620498904374, 3.6697582361978744)
(6.481650619551248, 3.698742655308985)
(6.257748925779397, 3.7369119222637805)
(6.113079161208557, 3.7834585779111674)
(6.040105040428521, 3.8113159186238774)
(5.925580417498487, 3.841561992658572)
(5.818693012372542, 3.8822882135918295)
(5.6883724697992495, 3.9431504471054684)
(5.58762511863474, 3.9972502102287057)
(5.505146530763716, 4.052460229684693)
(5.429632278070866, 4.116653232196593)
(5.34977793244089, 4.197701944487559)
(5.259981746013082, 4.299509085787875)
(5.197134508753003, 4.391929514456739)
(5.156896127723535, 4.484753672701146)
(5.134926509987544, 4.587772002728104)
(5.1268855626079075, 4.710774946744613)
(5.122680046195965, 4.857968021162621)
(5.2215096818766265, 4.9694142060791116)
(5.458532586853736, 5.175417222001732)
(5.771759449215258, 5.346194832457913)
(6.1586669591140195, 5.4808386459026845)
(6.616731806702859, 5.578440270791058)
(7.143430682134607, 5.638091315578059)
(7.454891227603112, 5.657689022057713)
(7.757267857621817, 5.670726122934738)
(8.022299501902467, 5.676697956239698)
(8.221725090156808, 5.675099860003159)
(8.363299594648462, 5.659404872753788)
(8.510930042773309, 5.649681718809376)
(8.883740661659239, 5.641304330116784)
(9.023834824373886, 5.635786692584315)
(9.164736446239626, 5.62592896211472)
(9.862297042455799, 5.5518782291332265)
(9.988058805238545, 5.530917935336101)
(10.455274856539772, 5.408890671127162)
(10.634665364607613, 5.3514096728087255)
(10.794777785443111, 5.281110260466684)
(10.932483214835774, 5.1998092171909995)
(11.044652748575121, 5.1093233260716335)
(11.12815748245066, 5.011469370198542)
(11.206279155318915, 4.877481617314038)
(11.366492508548298, 4.586745856723588)
(11.43179576739295, 4.485022825751509)
(11.467122105253274, 4.413781377733194)
(11.499925133266427, 4.335979324112248)
(11.522634921890921, 4.269279833818832)
(11.527681541585252, 4.231346075783104)
(11.521020003588735, 4.1691380770176405)
(11.508756717731508, 3.9642957836247192)
(11.479570433832626, 3.6924680248223654)
(11.41505781207342, 3.4530395644576237)
(11.315723514423324, 3.2471206588632437)
(11.18207220285177, 3.075821564371979)
(11.014608539328199, 2.940252537316583)
(10.736556616236172, 2.77240196628311)
(10.447503062210501, 2.61686514730381)
(10.162688668728068, 2.4809092127385126)
(9.897354227265758, 2.371801294947064)
(9.666740529300446, 2.296808526289294)
(9.469956005352806, 2.2439535960239927)
(9.190743359731082, 2.1762952479886537)
(8.73489902480775, 2.0910410192857443)
(8.566997987577334, 2.052888574396596)
(8.336535688202854, 2.0313395083018007)
(7.879480164552884, 2.0137268055685826)
(7.316445627321946, 2.0024728436502213)
(6.768046287204569, 2.0)
(6.354896354895283, 2.008730652071194)
(None, None)
(12.703123378723339, 8.319108028191764)
(None, None)
(12.698278623816782, 8.339109464246967)
(12.707766268842125, 8.358000643969412)
(12.729769530709412, 8.374671311026358)
(12.76247162632868, 8.388011209085038)
(12.804055772609972, 8.39691008181271)
(12.939019205302047, 8.409190189735583)
(13.098509209708578, 8.417937663872426)
(13.262642104233892, 8.4226478422538)
(13.411534207282326, 8.422816062910279)
(13.60034507211292, 8.414152699101678)
(13.837637130140395, 8.414152699101678)
(14.411538721779793, 8.43608867270637)
(14.64883077980727, 8.44026054498702)
(14.79955648801131, 8.435129814964448)
(14.848895606556226, 8.429982262876228)
(14.877846381536042, 8.421705806577524)
(14.89236382419007, 8.408483662978378)
(14.898402945757619, 8.388499048988823)
(14.89688895984932, 8.367622865519937)
(14.871655861377663, 8.35371101722923)
(14.80302183353475, 8.34413926187565)
(14.456823722503596, 8.32751906101565)
(14.145918305201471, 8.319713622555085)
(13.866100065216427, 8.317560398152168)
(13.526243872934485, 8.324709776052472)
(13.092335511615845, 8.325012573234133)
(12.930793215200291, 8.320319216918401)
(12.755961486922994, 8.307753133879517)
(12.712594201683038, 8.312799753573849)
(12.703123378723339, 8.319108028191764)
(None, None)
(12.633732357926279, 9.458802975828334)
(None, None)
(12.622999880043002, 9.474178343830397)
(12.619029872550126, 9.485920145652543)
(12.622528862204863, 9.49544143480918)
(12.654759939985993, 9.513474689183592)
(12.727464907715664, 9.53359387969833)
(12.828128148551935, 9.549776706851485)
(12.93575572456638, 9.560105455159219)
(13.029353697830587, 9.56266240913768)
(13.135063558361185, 9.549541197932417)
(13.373465872721415, 9.540692791401689)
(14.056273517364493, 9.53933020408422)
(14.456874188700539, 9.546429115787578)
(14.58586578808766, 9.554318664576385)
(14.754456530009632, 9.57156128186535)
(14.794762199301694, 9.572839758854581)
(14.826084885537847, 9.5696772105128)
(14.85074603377748, 9.561871772052234)
(14.87106708907999, 9.54922157868511)
(14.900085152322395, 9.517915714514604)
(14.888225596040717, 9.493574185522279)
(14.830946462510052, 9.474582073405944)
(14.723705794005504, 9.459324459863414)
(14.561961632802173, 9.446186426592504)
(14.350155004231075, 9.440601500797445)
(13.665227779316378, 9.440736077322626)
(13.315042838726702, 9.44605185006732)
(13.019798764542653, 9.454900256598052)
(12.707312073069636, 9.434579201295541)
(12.673028703279474, 9.437438952455663)
(12.650251626392391, 9.445345323310116)
(12.633732357926279, 9.458802975828334)
(None, None)
(10.499432778865174, 10.423968992369266)
(None, None)
(10.4709193775922, 10.45371040443453)
(10.444424624196959, 10.506969064275374)
(10.42146250458775, 10.579001149379136)
(10.40354700467287, 10.665062837233139)
(10.377472802918824, 10.92232268718452)
(10.30177350750385, 10.928630961802435)
(10.238051522830087, 10.929169267903164)
(10.08821738410538, 10.913541568916383)
(10.034975546330182, 10.912296736058448)
(9.90426809624699, 10.918991918186261)
(9.739798760408721, 10.935124279142475)
(9.618276158169213, 10.940793315265774)
(9.297109280821946, 10.943753998819782)
(8.847926483895133, 10.937378435939276)
(8.684079564485831, 10.939060642504053)
(8.598455250338667, 10.947303454671463)
(8.579950978126119, 10.963116196380367)
(8.617464184520651, 10.987508191569638)
(8.7099855455834, 11.033768872101012)
(8.745362349640665, 11.046200378614715)
(8.794667824054287, 11.0534843330402)
(8.867288681455719, 11.056024464953014)
(9.327708618235246, 11.041557488495929)
(9.460300139670986, 11.041490200233339)
(9.501245047457664, 11.045577962185748)
(9.66763209877978, 11.036342648145121)
(9.846013282908753, 11.020445796107975)
(10.020828189120405, 11.015029090969392)
(10.10172550282054, 11.018326215836357)
(10.304851945517392, 11.036325826079473)
(10.400333990134145, 11.038411762219797)
(10.42793899986214, 11.035871630306984)
(10.461229867779084, 11.024028896090952)
(10.484831225882909, 10.997651897155244)
(10.501670113596328, 10.94775765044395)
(10.514673570342055, 10.865363172901164)
(10.538729124218369, 10.615101302259255)
(10.570472362095714, 10.542413156595233)
(10.657425619429052, 10.509997036091974)
(10.835016166472583, 10.504428932362561)
(11.315605759963788, 10.517533321502176)
(11.755570064915624, 10.533278774948492)
(12.457891305710115, 10.56508930108843)
(12.499139010678453, 10.569277995434724)
(12.631024005356986, 10.596883005162718)
(12.897939720990188, 10.63870266036308)
(12.995625456206803, 10.659898463079273)
(13.086952450608559, 10.689168857306397)
(13.191198791427801, 10.732569786677649)
(13.413569677225704, 10.834545148634446)
(13.50141450403837, 10.866372496840029)
(13.560123513149096, 10.901766122962943)
(13.742138263457994, 11.028469921421962)
(13.880667974067398, 11.109468167515987)
(14.026818080415245, 11.207406233717316)
(14.176803617730782, 11.357021685588604)
(14.321843467745875, 11.546404500651224)
(14.453156512192383, 11.763644656426555)
(14.561961632802173, 11.996832130435973)
(14.619694962105328, 12.151006362097805)
(14.662490297113264, 12.283480129074013)
(14.69155882655261, 12.398795389089491)
(14.708111739150022, 12.501494099869142)
(14.722898334854412, 12.74887939728528)
(14.745995030988803, 12.920212135907839)
(14.748938892477163, 12.974160500440245)
(14.744817486393456, 13.026292081882692)
(14.733126150768255, 13.086296390048297)
(14.639763686423121, 13.447735292556331)
(14.578581833662174, 13.661644679333403)
(14.507609538694222, 13.839823998674607)
(14.421598317037162, 13.990953436454193)
(14.31529968420889, 14.12371317854641)
(14.183465155727298, 14.246783410825513)
(14.041655142316577, 14.358734257711436)
(13.920031607683184, 14.441919372339672)
(13.804968678652422, 14.503404022282279)
(13.682840482049595, 14.550253475111324)
(13.464321849285033, 14.607549430707637)
(13.334119061171277, 14.635406771420348)
(13.228745641953633, 14.649941036140023)
(13.13020198138898, 14.682289868380689)
(13.041398296834391, 14.696218538737044)
(12.90475265757754, 14.707926696427894)
(12.710979283380851, 14.718322732998216)
(12.450792394006756, 14.728315039992994)
(12.113880063213172, 14.733731745131577)
(11.999927390515165, 14.730888816037103)
(11.909391033198853, 14.724210455974937)
(11.749228146166415, 14.70220719410765)
(11.628025163174213, 14.693140100723502)
(11.465439898688494, 14.686192587610972)
(10.745657353751614, 14.674921803626965)
(10.105106738015744, 14.660892200876722)
(8.948455148206218, 14.621999585099072)
(8.615243671855144, 14.616111862122354)
(8.556484196547476, 14.618971613282474)
(8.521914851641304, 14.632917105704477)
(8.510559957329058, 14.650294299518626)
(8.520905527702439, 14.668478952483868)
(8.551437576853147, 14.684846822359152)
(8.60064211887288, 14.696773666903422)
(8.656878284333384, 14.70168571007257)
(8.90025993012535, 14.715849889347995)
(9.60941092957284, 14.746129607513984)
(9.897135540412334, 14.764263794282282)
(10.066197300172448, 14.778697126608073)
(10.191723554036125, 14.784416628928316)
(10.519181883935657, 14.792322999782767)
(10.882151594417639, 14.794913597892524)
(11.259235017978101, 14.804401242917868)
(11.853188511869645, 14.835824861547906)
(12.176845054932782, 14.8464564070373)
(12.482838429065762, 14.850224549742398)
(12.734328310499958, 14.846725560087663)
(12.894474375466748, 14.835555708497543)
(13.149429602424384, 14.785695105917544)
(13.504274255198494, 14.70939021613925)
(13.678399456718585, 14.666712635590851)
(13.825878506252602, 14.616263260713184)
(13.955896251644235, 14.553298268993572)
(14.077637540737165, 14.473073837919346)
(14.27400151304361, 14.307797042929982)
(14.353788570410993, 14.246783410825513)
(14.402000610557508, 14.200926459869686)
(14.46797675202807, 14.113586295026453)
(14.53970603995017, 14.003334476770954)
(14.605177519451301, 13.888742565578328)
(14.65238023565895, 13.78838212192372)
(14.685923434560607, 13.6873487956432)
(14.721889010915547, 13.566532720160899)
(14.812189859312786, 13.22694568092932)
(14.837893975622583, 13.04185249260688)
(14.841191100489544, 12.794887746831938)
(14.824907340942504, 12.532177547610678)
(14.791868804010276, 12.299847998949296)
(14.744901596721697, 12.14402520485398)
(14.629249895393263, 11.874872154489625)
(14.523254059746652, 11.65409936492826)
(14.398484798837123, 11.45361398653811)
(14.260897123903995, 11.28108688125456)
(14.116446046186574, 11.144188911012987)
(13.971086576924174, 11.050590937748783)
(13.832859663496427, 10.96868430010978)
(13.684758197533442, 10.862722108594463)
(13.597922694659642, 10.810893324333676)
(13.506848031242603, 10.763000903434468)
(13.428591781849166, 10.727825964164976)
(13.380211521046173, 10.714149624793338)
(13.338728307158767, 10.697865865246296)
(13.110705207303214, 10.593468125836221)
(13.041953425000768, 10.567595788869946)
(12.974009101849417, 10.549495246232944)
(12.896173404097176, 10.536239458502498)
(12.657081385045386, 10.507675591032582)
(12.473300317843474, 10.47613421794301)
(12.27964469810632, 10.462104615192768)
(11.631843772076259, 10.437073381508881)
(11.563832160662313, 10.433271594672485)
(11.481286284528696, 10.422808269839571)
(11.409977548247788, 10.420587757174065)
(10.673372937663137, 10.412933717304329)
(10.557132464037034, 10.416028977383519)
(10.499432778865174, 10.423968992369266)
(None, None)
(11.334227786635871, 12.684434063788665)
(None, None)
(11.3136039341517, 12.70016269516933)
(11.306505022448345, 12.723461256091497)
(11.311820795193038, 12.748778464891394)
(11.328440996053038, 12.770563039905259)
(11.355255368695587, 12.783263699469327)
(11.476828437132038, 12.798218515830197)
(11.67480732774067, 12.813577061766612)
(11.903469666090837, 12.826715095037521)
(12.117093077751898, 12.835008373401875)
(12.269955188293203, 12.835832654618615)
(12.366110115535868, 12.829473913803756)
(12.4330955809453, 12.819279742021207)
(12.475554474640276, 12.803433356181005)
(12.498129686739588, 12.780117973193192)
(12.505464107362016, 12.747516809967811)
(12.496363369846572, 12.74275616538949)
(12.432338587991149, 12.735556321292243)
(12.09993457079117, 12.724621978621192)
(11.627335458482655, 12.688219028559413)
(11.38573695164935, 12.680817319674393)
(11.334227786635871, 12.684434063788665)
(None, None)
(12.604293743042676, 15.924784459190796)
(None, None)
(12.582105438453267, 15.93381790844365)
(12.571120629585272, 15.949613828086909)
(12.571440248832578, 15.97035543503061)
(12.583165228589074, 15.9942259461848)
(12.606396501248648, 16.019408578459515)
(12.637635077156562, 16.03522132016842)
(12.708943813437468, 16.04548278021356)
(12.8472716592591, 16.051202282533804)
(13.079567563789185, 16.053389151068014)
(13.688072144466052, 16.052749912573397)
(14.124369239106676, 16.05698907311664)
(14.274287488159619, 16.060925436478215)
(14.451692992481025, 16.072095288068336)
(14.481383938349346, 16.070514013897448)
(14.500981644829, 16.065601970728295)
(14.511495435858857, 16.057258226167)
(14.50633106170499, 16.00448740622994)
(14.405583710540482, 15.966149918618667)
(14.194920982433432, 15.940529912637112)
(13.860010477451931, 15.925911537589197)
(13.386519795664087, 15.920578942778853)
(12.939490223140186, 15.919939704284237)
(12.604293743042676, 15.924784459190796)
(None, None)
(12.589574435600877, 17.020321484501963)
(None, None)
(12.576739199511628, 17.03071752107229)
(12.571171095782212, 17.040407030885405)
(12.573071989200413, 17.051206797031277)
(12.600088226630735, 17.08340423068111)
(12.626902599273285, 17.102413164863094)
(12.674307180268706, 17.115366155411877)
(12.760873530092141, 17.124281850205197)
(12.90517320921873, 17.131178897120783)
(14.000558835939069, 17.16298942326072)
(14.140922151704082, 17.15991098524718)
(14.256456098572981, 17.15047380641878)
(14.341811259669779, 17.13528348113884)
(14.39163821811848, 17.114945603770686)
(14.418822676205279, 17.08461541940775)
(14.398165179589814, 17.063066353312955)
(14.320178083246743, 17.048481622396334)
(14.17537374215072, 17.03904444356794)
(12.912692672563287, 17.00834417376075)
(12.684720038904675, 17.009488074224798)
(12.61988779789816, 17.013794523030626)
(12.589574435600877, 17.020321484501963)
(None, None)
(None, None)
