(5.165312497314261, 2.0266213226635434)
(4.99545728893513, 2.0780395696542437)
(4.825564847936889, 2.1964951473522296)
(4.758657831396489, 2.2759309402230934)
(4.715877552039272, 2.367318403828216)
(4.691192325569444, 2.5015978446478853)
(4.662672139331299, 3.5973724413602994)
(4.81044840457829, 3.880936068500909)
(4.958206053515726, 4.039509793289757)
(4.692923642358052, 6.112901269969475)
(4.575417496447368, 6.62015847272206)
(4.553301320696118, 6.655101285756652)
(4.21463341727293, 6.869896265401372)
(2.7495857042290357, 7.75335185163987)
(2.5396309650685973, 7.907085335944435)
(2.361193637984645, 8.110170656879106)
(2.2890740547688684, 8.259231447485387)
(2.244432144456159, 8.458221180317976)
(2.185195047452389, 9.720406968141859)
(2.17019030195112, 9.760841592495154)
(2.0748934133394616, 9.81019342912526)
(2.025988368138675, 9.900761775109968)
(2.000874966549081, 10.03991868903303)
(2.0, 10.224871724461204)
(2.91990632034704, 19.17105097893751)
(3.0502204872315115, 20.267030355055027)
(3.1595354569380287, 20.555434222679917)
(3.262837358658304, 20.70706406400478)
(3.390042601847104, 20.839146780296968)
(3.5363481786392557, 20.946655967976657)
(3.6969510811695896, 21.024565223464016)
(3.8534025466691753, 21.072651151044386)
(4.084021389435581, 21.10208353645072)
(4.499835279654375, 21.1165484089749)
(5.211871887511127, 21.11973179790879)
(7.926129820619123, 21.105304158003722)
(8.66517869364007, 21.068778958656964)
(8.954383062575822, 20.977168099337177)
(9.171542313534019, 20.836298484935064)
(9.329501700107553, 20.62930373899386)
(9.441106475889327, 20.3393174850568)
(9.519201894472234, 19.949473346667126)
(10.563781639908603, 10.068476107890284)
(10.548441800835347, 9.871403854941853)
(10.507150826242523, 9.820171771046699)
(10.368571017915665, 9.740754594485391)
(10.367249259937264, 9.008035266713117)
(10.342973592277643, 8.486480738222351)
(10.30561065900091, 8.323681111164536)
(10.247360226403552, 8.18098709842604)
(10.165206452337669, 8.053372296427034)
(10.056133494655366, 7.935810301587684)
(9.917125511208745, 7.823274710328166)
(8.73340746815887, 7.088749600529064)
(7.929834466220552, 6.641139053590459)
(7.593493601491731, 4.1201184136625795)
(7.602727291030973, 4.02629221350576)
(7.733097306844111, 3.845993255466317)
(7.802331362078873, 3.7078602385687756)
(7.839619830117388, 3.5512970752118633)
(7.851887978114084, 3.3467038332032426)
(7.822678988422408, 2.6539909546645006)
(7.782989016451308, 2.3786557363471674)
(7.714034205859868, 2.206641036059665)
(7.602857605197859, 2.1061129644630707)
(7.436502263015052, 2.045237632218468)
(7.147577138722625, 2.0202917774148705)
(5.998950839183781, 2.0)
(5.165312497314261, 2.0266213226635434)
(None, None)
(7.3317855217686025, 3.0249209225463707)
(None, None)
(7.31763712650686, 3.4928977121380616)
(7.2790082841803905, 3.575814754895699)
(7.200726702501934, 3.5976330696940666)
(6.9195273466747995, 3.582330463239921)
(6.805409369103112, 3.5946916927843904)
(6.720332834437106, 3.6276053280774976)
(6.6581543605236595, 3.683528721980489)
(6.5903165285055145, 3.8371505084277295)
(6.629019836070202, 3.951082322903866)
(6.716330327882798, 4.0580516376064635)
(6.859489748360168, 4.104257317921785)
(7.080465342777122, 4.11164799281509)
(7.365704437777675, 6.4072251240328315)
(7.445959348268955, 6.8177147497189186)
(7.476061920819268, 6.890132193887574)
(7.5446257889100545, 6.964560199488163)
(7.686686847123683, 7.071715677286308)
(8.228384222552878, 7.407888995229135)
(9.451289597215869, 8.116202341174905)
(9.640207906579242, 8.249122791397063)
(9.743193331037087, 8.355831477765891)
(9.812334304724075, 8.495155938474948)
(9.852322137648052, 8.689100651418151)
(9.867848139816859, 8.959670094489423)
(9.849641389072143, 9.766352020123414)
(2.7102866747585903, 9.766352020123414)
(2.727134434905796, 8.674263452702874)
(2.7548727361426337, 8.490408779538441)
(2.8320373392477967, 8.35125186561538)
(3.0714430801241255, 8.164083489350169)
(4.037648162334264, 7.592600018633097)
(4.631620134993685, 7.21904515110398)
(4.974495324376285, 6.9692515094960035)
(5.057095889871485, 6.85280649322995)
(5.143680345611438, 6.4153604513083335)
(5.458519372804322, 4.146553573230573)
(5.5112966103925345, 4.11538987103563)
(5.732104658023493, 4.078455112878661)
(5.822896399722859, 4.044834057822467)
(5.882077647797964, 3.995463604882806)
(5.91422801439932, 3.9266577247678063)
(5.923927111677435, 3.834730388185587)
(5.91407908392288, 3.7329177912297045)
(5.8775352682665645, 3.663609270756721)
(5.803796066119508, 3.620773142470841)
(5.682361878892735, 3.5983777220762674)
(5.338425559865504, 3.584099012647639)
(5.2234884646734, 3.5601398222504503)
(5.188936594139461, 3.2080681759477176)
(5.186255845563551, 2.5408968741183333)
(5.300262125277909, 2.5158393214574044)
(5.481808376057533, 2.510570905853363)
(7.3317855217686025, 2.5176264871746774)
(7.3317855217686025, 3.0249209225463707)
(None, None)
(10.007880020289003, 10.38767135151902)
(None, None)
(9.896833733793876, 11.403004874644601)
(9.865930659932703, 11.583769240422919)
(9.849473842286148, 11.601361652952324)
(9.691346908926619, 11.62146726727164)
(8.833395666778369, 11.644272246476424)
(8.538922882238573, 11.672103629261036)
(8.286001700625366, 11.730651922811273)
(8.011076041118244, 11.834437848579979)
(7.3338333158196445, 12.138293253135457)
(7.06957480168749, 12.23470712032041)
(6.827097369734599, 12.29470748601593)
(6.575684109195342, 12.3257781066631)
(6.284618109304098, 12.335402738702996)
(5.979962203437758, 12.326969550474615)
(5.71440054763676, 12.294186229348393)
(5.459450188282068, 12.23001581031257)
(5.186628171754649, 12.127421328355378)
(4.538296575194847, 11.827028557377117)
(4.250916604595478, 11.72406174922883)
(3.962196259708155, 11.66119447186185)
(3.62902016760367, 11.629155803117825)
(2.66839997826001, 11.616347782144038)
(2.576007233938919, 10.822157400221402)
(2.549721004847366, 10.278300532883836)
(10.021842252455196, 10.278300532883836)
(10.007880020289003, 10.38767135151902)
(None, None)
(3.9389631053836087, 12.174837068791772)
(None, None)
(4.342583312843928, 12.304015640793393)
(5.092783355288276, 12.641901659215275)
(5.4609767256655735, 12.764545906563116)
(5.827866954374025, 12.836963350731773)
(6.542509845568467, 12.846327354437902)
(6.823765050324267, 12.829758838934016)
(7.221223259321906, 12.730906235197368)
(7.5610826065566075, 12.604315330223882)
(8.268334822857746, 12.294223461967503)
(8.601343368176234, 12.190493385127464)
(9.174595388301025, 12.12628573347253)
(9.575106672065672, 12.118317952983023)
(9.782157266935542, 12.137604449681923)
(9.796640755769275, 12.22026086410579)
(9.776274513116185, 12.506207378869428)
(9.549453397498986, 14.606592504403787)
(9.368000228267137, 13.955300914624754)
(9.235843046736727, 13.697930435027923)
(9.068054248718191, 13.516514498415182)
(8.858825545630395, 13.40490972263341)
(8.6023486488922, 13.356972725529479)
(8.252622657593388, 13.376929409372359)
(7.767072071781847, 13.498754539099785)
(6.197735792611264, 13.999496033508144)
(5.776597637859763, 14.178473233569187)
(5.646674413475944, 14.271424467176926)
(5.551600920578945, 14.376215673661598)
(5.4837072396321345, 14.503439533159952)
(5.447424052309588, 14.655683712700123)
(5.442527962896642, 14.840655364437854)
(5.468795575678641, 15.066061640528881)
(5.566363654056, 15.51955494128684)
(5.57021723013387, 15.632816568619003)
(5.170804308632963, 15.708082308149562)
(4.918553314163737, 15.72852301604087)
(4.12462356057487, 15.716292100663283)
(3.75611371293514, 15.620325024907647)
(3.131331747962318, 15.386262164873582)
(3.0500343241359626, 15.346590809212037)
(2.9191616679648438, 13.940556797457253)
(2.745285336721848, 12.416662929910242)
(2.728902984313515, 12.132950372293193)
(3.105920485419846, 12.11887644226967)
(3.9389631053836087, 12.174837068791772)
(None, None)
(8.732662815776672, 13.899172741316656)
(None, None)
(8.828425112127205, 14.013216253650123)
(8.944739814226374, 14.347974732066776)
(9.186919385226386, 15.202426108018702)
(9.343966572631729, 15.841821875992139)
(9.370718209462154, 16.036306461912435)
(9.370383115890167, 16.43110253864372)
(9.324140202955736, 16.979278389798026)
(9.272535792869483, 17.29199515770165)
(9.037504884738562, 17.378095589393176)
(7.3963096506859705, 17.85552946423877)
(6.952478214587015, 17.97381749515076)
(6.8469237394105935, 17.970634106216867)
(6.756671870688319, 17.885594804169973)
(6.6875122806917755, 17.696750960044817)
(5.9262541503718005, 14.834642296451614)
(5.96348676948165, 14.743887787371357)
(6.039180684131974, 14.626456106698893)
(6.0976917450631, 14.583377966388795)
(6.282291070609732, 14.5111839179348)
(8.495304868951385, 13.85495900612371)
(8.589577860537522, 13.852092094452253)
(8.732662815776672, 13.899172741316656)
(None, None)
(3.3339330448485613, 16.026086107966783)
(None, None)
(4.006205215495996, 16.20867487208148)
(4.437210014311608, 16.26055852681106)
(5.092206249692072, 16.23952209701399)
(5.7470721709056525, 16.140111003990697)
(6.147024965383651, 17.68666092026605)
(6.289272186692829, 18.159980590700005)
(6.409310150702982, 18.333261200037242)
(6.561517097624046, 18.458288335008117)
(6.6360009521532985, 18.490420085299917)
(6.812297403638434, 18.513764937481792)
(7.133987232747529, 18.48343896921682)
(9.172473129011763, 17.887717063459235)
(9.161750134708127, 18.294855753425434)
(9.001984966107766, 19.892879765620155)
(8.95682179912752, 20.17324138751732)
(8.884125110315537, 20.32650946408301)
(8.726370503147109, 20.479125969814284)
(8.51857525589504, 20.575446755451463)
(6.897802113424202, 20.591494014287807)
(4.44912445242676, 20.57537229021324)
(3.9226738345230494, 20.559157484590905)
(3.7971068265750834, 20.51706600868722)
(3.6994642829595046, 20.4385610312941)
(3.6252782893831297, 20.315712004541155)
(3.570080931552779, 20.14058838055798)
(3.529404295175269, 19.90525961147418)
(3.446971276466063, 19.136554957332237)
(3.1318716209394113, 16.031484837737707)
(3.138461794521854, 15.956274947135816)
(3.3339330448485613, 16.026086107966783)
(None, None)
(4.886067853990394, 7.7976772846901445)
(None, None)
(4.570856500606411, 7.969989845930526)
(3.8249382093596958, 8.437612925640675)
(3.486903260461376, 8.678880297472498)
(3.4164591451055415, 8.765166892259572)
(3.3914760576828336, 8.853128954906591)
(3.3967630895964316, 8.961196631872927)
(3.434535581683374, 9.116605584037437)
(3.504030265251907, 9.265089269047515)
(3.5939656567117475, 9.390786591162366)
(3.6930602724726107, 9.477836454641192)
(3.7900326289442123, 9.5103777637432)
(3.837615916166599, 9.504867336114941)
(3.9371387070472266, 9.467150692956665)
(4.013428343603307, 9.407988061191116)
(4.033608423160844, 9.366101364692536)
(4.037219987214501, 9.23876580733685)
(3.9482712601610706, 8.977485902733486)
(5.110748094008777, 8.260497356535122)
(5.288645548115636, 8.130443817984421)
(5.339747317843904, 8.05906888715084)
(5.357339730373308, 7.974960400581692)
(5.34309825356379, 7.888841352580611)
(5.298698355275295, 7.8114347374512345)
(5.225815503367766, 7.753463549497199)
(5.115271857230624, 7.721443497062729)
(5.055252875225547, 7.729169265528023)
(4.886067853990394, 7.7976772846901445)
(None, None)
(None, None)
