(11.579822571089458, 2.0367848931310393)
(11.575910526899332, 2.0666215286706615)
(11.571414595516648, 2.2078346461903737)
(11.57515147354901, 2.68519162046468)
(11.57249478682288, 3.240716492642445)
(11.578304464388811, 3.536630521829917)
(11.597280798146887, 3.9515261636805263)
(11.608900153278755, 4.39881294753819)
(11.61631552062422, 4.927026496284139)
(11.631584170709564, 6.622313765511382)
(11.641408072724323, 7.270486937968)
(11.651757473212381, 7.734998394006072)
(11.669376269247762, 8.13960302408788)
(11.66981418464218, 8.319936583508852)
(11.656457765112457, 8.61646369424851)
(10.249056076175037, 8.601866514434606)
(9.86993812204831, 8.591064601372317)
(9.578928745278306, 8.574598982542234)
(9.186220816744832, 8.56655593646477)
(8.675450897876498, 8.561928630463761)
(8.117648865647766, 8.561330146091393)
(7.256955352280512, 8.565373564899845)
(7.034815469872512, 8.556615257011504)
(6.896434205236696, 8.54083570563267)
(6.819594650696304, 8.536135413732595)
(6.7288293866134445, 8.534763278830088)
(6.120594098127672, 8.554790609534766)
(5.99482479685107, 8.554790609534766)
(5.885959029798969, 8.550411455590591)
(5.669015743404719, 8.534529723953064)
(5.575652181314986, 8.538967266616492)
(5.470187557159527, 8.554119139263324)
(5.394676345982198, 8.54752121398744)
(5.295254954269696, 8.521917760593851)
(5.1571218416907145, 8.473717872848338)
(4.8603173845345955, 8.35629815842529)
(4.784149300265641, 8.320885400196758)
(4.724797167142304, 8.285822974283757)
(4.670086937199789, 8.243841485138969)
(4.607844562473302, 8.187671537215065)
(4.501693870866587, 8.080148710705846)
(4.40412632099045, 7.965969570201482)
(4.318032154448041, 7.848987771172852)
(4.2463016128425135, 7.733056969090822)
(4.191824937777023, 7.622030819426264)
(4.138749591973665, 7.485138467131469)
(4.129465785612021, 7.454221640285616)
(4.1194375230798705, 7.404255493782621)
(4.0829445735451095, 7.356391341172828)
(4.061515913578296, 7.288937773252777)
(4.04507948910784, 7.186801306094886)
(4.033284967818205, 7.048843359673674)
(4.0226436237338685, 6.721676768504631)
(4.022570637834798, 6.624605522742168)
(4.026438890485483, 6.570449985632582)
(4.0351242124747575, 6.546948526132193)
(4.068975072463201, 6.538248606963106)
(4.068420379630274, 6.5338256614794945)
(4.045853139637977, 6.514469801046257)
(4.025241921740744, 6.503930637220618)
(3.9943834836141505, 6.496281714998131)
(3.950475166733925, 6.491347868221031)
(3.890714312575799, 6.488953930731551)
(3.6926013881414868, 6.487961322504206)
(3.614944391531515, 6.482093256219016)
(3.6006391553138886, 6.477976851511496)
(3.5858084206229623, 6.400495021059291)
(3.5765830029805734, 6.222905731443329)
(3.57331323470226, 5.978227803402659)
(3.5763494481035516, 5.6994800576763405)
(3.5860419754999837, 5.419681315003416)
(3.629818917761884, 4.997530874785296)
(3.718613562569865, 4.650263967012508)
(3.857593311578049, 4.36737062221904)
(4.051925566440563, 4.138340870938876)
(4.306777728811521, 3.95266474370601)
(4.417526532059615, 3.879620455917233)
(4.5098245000229324, 3.808196455087798)
(4.5875544825319725, 3.769090610366346)
(4.677984011479114, 3.732699841090283)
(4.764034386482081, 3.7058556274125136)
(4.929916737887293, 3.683565733836681)
(5.080034135093485, 3.6526197126312017)
(5.155881081406536, 3.6469268125037804)
(5.2357568493482205, 3.6491163894758643)
(5.318610441971941, 3.659188443547459)
(5.465837597574984, 3.690017687314427)
(5.594978847388596, 3.709986629299847)
(5.721273647138499, 3.7344369054881366)
(5.851684851595921, 3.772900474297775)
(5.9780672344247066, 3.8223119279678417)
(6.092275569288696, 3.8796058587374165)
(6.1861646298517305, 3.9417168588455818)
(6.298022818765681, 4.031664680858862)
(6.408830010733029, 4.125728907579662)
(6.506587323946749, 4.213136820305324)
(6.579295876599808, 4.28311570033318)
(6.614956786885176, 4.324892828960576)
(6.718961693059246, 4.488527214674447)
(6.758884979850274, 4.566622126678834)
(6.792239535725047, 4.648658277232979)
(6.818149529894728, 4.7328840047592085)
(6.8465410446327715, 4.87144043555279)
(6.879282518955359, 5.005077616749086)
(6.889953057399323, 5.080822382803437)
(6.897645771161251, 5.1845061510215995)
(6.903061324872211, 5.328127803210608)
(6.913323142281386, 5.738498319318904)
(6.921497562977172, 5.875886975727374)
(6.927540795420128, 5.919284391314115)
(6.9280954882530565, 5.964053941803357)
(6.923336807633723, 6.108069717847342)
(6.905849386216667, 6.448315382129643)
(6.894551169040704, 6.7651617671702535)
(6.886405942704545, 7.112253508785276)
(6.885486320376268, 7.24084006576596)
(6.888245187361097, 7.317227107732122)
(6.895208042132331, 7.355165178068463)
(6.906900383163267, 7.368404820159673)
(6.936912184860655, 7.365281023679498)
(6.958691177143001, 7.317139524653241)
(6.97495243545569, 7.205237544199846)
(6.988411035244111, 7.010832303438265)
(7.001782051953646, 6.715181023487444)
(7.017459423073781, 6.186529559347079)
(7.019035918493682, 5.713405767218805)
(7.007299785923301, 5.316304087561346)
(6.983039273072592, 5.015718960833423)
(6.947042627651505, 4.832144827493758)
(6.929350845717052, 4.772033641020101)
(6.908725030640005, 4.677049791971023)
(6.877808203794157, 4.576840152548568)
(6.815974550102455, 4.453420997222006)
(6.733471289794266, 4.322995195584767)
(6.64054564309895, 4.201765617230292)
(6.547444830245868, 4.105935131752008)
(6.3999403282263625, 3.98126061896145)
(6.256814980151027, 3.869198069530103)
(6.130330417063544, 3.778418208267433)
(6.032748270007594, 3.717591759982891)
(5.976330170026852, 3.6953894494859427)
(5.902103510673147, 3.677259752157074)
(5.769079411029034, 3.637307271006416)
(5.657440179812294, 3.611265902218412)
(5.603416017321033, 3.6014420002036545)
(5.393231225180623, 3.574013899333326)
(5.209014815929146, 3.5435057935222662)
(5.153954253671099, 3.5378128933948423)
(5.104849340777124, 3.5378128933948423)
(5.052416270885577, 3.5435057935222662)
(4.764764245472776, 3.5950338382653486)
(4.692333039236182, 3.611645428893571)
(4.613157935925564, 3.6377159920412057)
(4.534070415693828, 3.670442869183979)
(4.4619019586938835, 3.707023401797625)
(4.33884773286267, 3.79078201956981)
(4.206422117590927, 3.874204902206273)
(4.101059673694165, 3.9451909876412916)
(3.992369072799831, 4.036146015061731)
(3.889283788954037, 4.1381365104214805)
(3.8007372962028914, 4.242228999674435)
(3.7356630685925056, 4.33949000877448)
(3.6927035684001845, 4.42524844018117)
(3.648605488182378, 4.5311509797310485)
(3.6057335710689418, 4.65019098111344)
(3.5664525601897243, 4.775361798017668)
(3.5331271986745802, 4.899656784133067)
(3.504954641633745, 5.114527270993742)
(3.4815991539314974, 5.455955306840968)
(3.466126143328758, 5.8468677822573305)
(3.461601017586448, 6.210191587825417)
(3.4717606547369257, 6.4848521232038445)
(3.4674398895120095, 6.541839513197329)
(3.470052784698698, 6.553575645767709)
(3.487905135611104, 6.5630346182871175)
(3.526164343903348, 6.57100467846551)
(3.5899978112295514, 6.578274074012835)
(3.907179931405884, 6.602052879929684)
(3.9115152938106137, 6.721574588245936)
(3.907384291923279, 7.03970552511017)
(3.9104934912236398, 7.107494828165943)
(3.9204341706769092, 7.169941563409827)
(3.939308324176288, 7.241234189620936)
(3.969217945614978, 7.335561165578388)
(4.047517218136763, 7.548884351378789)
(4.130108061523835, 7.732341707279941)
(4.221719962035898, 7.894166042696887)
(4.327082405932661, 8.042590167044667)
(4.450924879473828, 8.185846889738327)
(4.535063023921172, 8.269620104690325)
(4.6204273314728885, 8.337540782364425)
(4.719191850093765, 8.396965901386828)
(4.8435306277486045, 8.455252440383749)
(5.0056177124022, 8.519757377981392)
(5.1755726769754915, 8.581532642953837)
(5.309005497654394, 8.62333896594086)
(5.412747654591813, 8.646665259283479)
(5.493630627940657, 8.653000435322713)
(5.632697960027727, 8.631892913311809)
(5.728280293449174, 8.635016709791984)
(5.85482324525591, 8.648358532141891)
(6.022486452598419, 8.653175601480482)
(6.490253079734991, 8.637498230360347)
(6.5985349595945335, 8.636534816492631)
(7.291901000754999, 8.65660593873675)
(7.833514760570114, 8.666532021010205)
(8.036006838948598, 8.665145288927883)
(8.24410423437562, 8.658941487506976)
(8.632754146920828, 8.64139567737066)
(8.74542977790436, 8.638636810385833)
(8.874658610796857, 8.639468849635225)
(9.4806605307711, 8.658795515708835)
(9.698946757708228, 8.67134909034879)
(9.841677981928587, 8.686705323513017)
(10.132687358698591, 8.696076712953545)
(11.2927398356894, 8.71508224107125)
(11.644342105866917, 8.726103111830747)
(11.70835073935089, 8.707666873725788)
(11.740829464436825, 8.645176346942463)
(11.752726165985157, 8.516823344838798)
(11.754988728856313, 8.300799680772826)
(11.754580007821524, 7.828172192758225)
(11.74263951473375, 6.5490505200253954)
(11.7340855673628, 6.022296689260837)
(11.725794369228504, 5.757241098199959)
(11.714846484368076, 5.620392537444604)
(11.835930090924414, 5.546005309112946)
(12.070433784634789, 5.420936672467413)
(12.342452230466899, 5.281387633446486)
(12.459813556170694, 5.216459377634237)
(12.51950142442975, 5.17964529014357)
(12.729613230671092, 5.07171374259956)
(13.371728573504939, 4.752006310315423)
(13.638988338717716, 4.6145008764684405)
(13.85930357364898, 4.496263719975815)
(14.032411529062072, 4.397294840837543)
(14.434286486518676, 4.14201936025198)
(14.486734153590037, 4.103687166060666)
(14.521490038726942, 4.07139820431231)
(14.538466558850512, 4.0453276411646755)
(14.537576130881867, 4.025650642775533)
(14.515038085249197, 4.006907863894478)
(14.384349534375309, 3.9375420654188042)
(14.20584062243107, 3.8258298483029924)
(14.107207478428519, 3.7697328862781596)
(13.889621916122458, 3.657276212991836)
(13.725330657316961, 3.580100923315726)
(13.485177855018604, 3.444098998989577)
(13.339614777914349, 3.3667339459758807)
(12.440764236513548, 2.9189946495439862)
(12.045326635354876, 2.7304574750675963)
(11.851417698706966, 2.642976576442867)
(11.750784741069909, 2.5893757321662094)
(11.718992083435225, 2.5669106724326105)
(11.700249304554172, 2.547686186617698)
(11.688308811466397, 2.522973161192758)
(11.680484723086144, 2.4892390786428256)
(11.676076374782346, 2.4414041203926597)
(11.674383101923933, 2.374388467867022)
(11.67404736678821, 2.0914367343542963)
(11.669230297449623, 2.029486303224087)
(11.65642857075283, 2.009050251484619)
(11.636445031587593, 2.0)
(11.61392158313474, 2.001897633375806)
(11.593500128575085, 2.0143052362176266)
(11.579822571089458, 2.0367848931310393)
(None, None)
(11.787832383437598, 2.7173784019543383)
(None, None)
(11.809830333417153, 2.7312457227775484)
(11.912769645464806, 2.783065711116909)
(12.226317067867477, 2.927052292801264)
(12.359852068805074, 2.991542633219092)
(12.518625593640916, 3.076965329490063)
(12.91257428245857, 3.2597658122995883)
(12.97690405389845, 3.292419703543294)
(13.08401815937288, 3.3535818869635547)
(13.209699877570596, 3.4090803646160186)
(13.292816219430971, 3.4504195778489977)
(14.071590359682592, 3.8559876217985196)
(14.129059456609932, 3.888787484840364)
(14.222568990497807, 3.955525790949534)
(14.38248109535913, 4.05666964988008)
(14.164632783816419, 4.196437646598216)
(13.920319785271097, 4.339139676458949)
(13.797280156619697, 4.416446340753384)
(13.71261651369905, 4.465522059287732)
(13.229479056218437, 4.7110174293979785)
(12.911815229108248, 4.864988482075044)
(12.561176372798448, 5.041950092959009)
(12.165826354718655, 5.257754799327772)
(11.821405897009578, 5.440015186484186)
(11.779439005044603, 5.464071338817499)
(11.7111971894146, 5.509089041363582)
(11.718495779321552, 5.091244769190564)
(11.71905047215448, 4.772383973335633)
(11.714612929491052, 4.424708344528055)
(11.705883815962338, 4.0780837126670795)
(11.6935637961994, 3.7623759076519496)
(11.668836173594647, 3.3549102303266185)
(11.667026123297722, 3.251416225446037)
(11.675448696050346, 3.1717448180217445)
(11.683885865982782, 2.8538912275739747)
(11.692950714647218, 2.7319755817682427)
(11.702993574359187, 2.709262369977807)
(11.718992083435225, 2.6960957137856645)
(11.739457329534318, 2.6928259455073507)
(11.762900400315448, 2.699803397458398)
(11.787832383437598, 2.7173784019543383)
(None, None)
(5.2008549924131735, 5.149633488446183)
(None, None)
(5.200884186772801, 5.481952884089535)
(5.208971024389705, 5.878733425791088)
(5.21362752475034, 5.961601615594622)
(5.2256556009169985, 5.983555774034734)
(5.242413163343359, 5.992722802957868)
(5.261185136584041, 5.989453034679551)
(5.279256445193656, 5.974096801515325)
(5.293912013726816, 5.947004435780718)
(5.300203398226609, 5.926845730457715)
(5.310071091780808, 5.865158048564156)
(5.319208926344311, 5.728791194742659)
(5.328638704504092, 5.689845918999163)
(5.338696161395874, 5.681963441899654)
(5.3396595752635925, 5.675555279961349)
(5.331601932006318, 5.653192400486448)
(5.310961519749455, 5.614144944484251)
(5.302582738536275, 5.578878158053859)
(5.297356948162898, 5.5277588343455655)
(5.294671067077137, 5.455707154784134)
(5.290467079290732, 5.18843279239154)
(5.285241288917355, 5.145210542962568)
(5.276862507704177, 5.121519320124603)
(5.264717654099006, 5.111315891434684)
(5.238632493771558, 5.102688958164667)
(5.220692559780269, 5.101419003520855)
(5.209408939784122, 5.108294275213203)
(5.203292721442095, 5.124103020951663)
(5.2008549924131735, 5.149633488446183)
(None, None)
(10.229583438303289, 9.596299389256853)
(None, None)
(10.200578842013059, 9.628062852531912)
(10.233583065572297, 9.648528098631004)
(10.354257951093846, 9.660410202999522)
(10.588265340690553, 9.66642424108285)
(11.296009603967713, 9.669737800900606)
(11.509186817969976, 9.668088319581635)
(11.629438385276918, 9.663110681265096)
(11.68540397268343, 9.653578722846614)
(11.705723246984386, 9.638266281221828)
(11.716116439011884, 9.615115154036976)
(11.71583909259542, 9.60660499820547)
(11.703898599507648, 9.592650094303377)
(11.660399003662212, 9.588110371381251)
(11.197960347157714, 9.575367033403715)
(10.666973334247123, 9.571367406134705)
(10.459226271135634, 9.572520583340003)
(10.330566728255878, 9.576651585227339)
(10.260763014385788, 9.584373493348894)
(10.229583438303289, 9.596299389256853)
(None, None)
(10.317166517186715, 10.517746365009577)
(None, None)
(10.270878859996824, 10.532270558924413)
(10.237641081560563, 10.548984329811333)
(10.218241429587884, 10.567011846881506)
(10.213468151788737, 10.585477279346094)
(10.224109495873074, 10.603504796416267)
(10.239392743138232, 10.612496659181632)
(10.265799041421586, 10.617634866476125)
(10.366694748295293, 10.616700646968036)
(10.615649650021437, 10.602789534605385)
(10.648464110243092, 10.603096075381478)
(10.761811211498062, 10.612919977396235)
(10.976783878617436, 10.617883018532963)
(11.45507507239983, 10.61817496212924)
(11.567050038752292, 10.612628033799957)
(11.596521744796565, 10.601023275847904)
(11.614520067507108, 10.586791025529346)
(11.620519508410624, 10.571245029027537)
(11.613994569033807, 10.55569903252573)
(11.594419750903363, 10.541466782207172)
(11.453002272866254, 10.528665055510379)
(11.149293349658159, 10.517877739627902)
(10.78856784209695, 10.511119245374065)
(10.476100611000508, 10.510403983563183)
(10.317166517186715, 10.517746365009577)
(None, None)
(6.689767333431437, 11.353434909355613)
(None, None)
(5.862515959017839, 11.395927299793888)
(5.651849459943568, 11.403211292521027)
(5.521817782161308, 11.413940219684246)
(5.391085439747977, 11.42861038539722)
(5.2816357855033225, 11.444594297293447)
(5.215452172227078, 11.45926446300642)
(5.1611506633193525, 11.475204583363205)
(5.099842508100954, 11.485189054355914)
(5.0431616588835615, 11.489349250602878)
(4.962906364266717, 11.508705111036114)
(4.918224396856353, 11.523769400604065)
(4.765596284722168, 11.58525272198023)
(4.694113895173478, 11.605411427303231)
(4.549455843217684, 11.657990468992917)
(4.436327699659923, 11.707416519842798)
(4.298267572980015, 11.780723556868226)
(4.227646417040344, 11.829799275402573)
(4.193036503701576, 11.858103207061735)
(3.972867240568454, 12.065047425283458)
(3.9307105852658974, 12.10688294263011)
(3.8948599116429476, 12.148806043055645)
(3.8633008088852874, 12.193531802005447)
(3.834018866178595, 12.243775294924907)
(3.804999672708552, 12.302251597259408)
(3.697345471581006, 12.53580647428188)
(3.650649093356326, 12.64328550925166)
(3.6101711137323687, 12.75540644740226)
(3.574247454210349, 12.878562853492173)
(3.541214036291483, 13.019148292279887)
(3.4925032472524835, 13.280919517882637)
(3.4655276589563884, 13.444991818990925)
(3.454667357174843, 13.530239349104127)
(3.4289179319831153, 13.970096168436513)
(3.4231666431364367, 14.122607503132187)
(3.430406844324133, 14.335288413020775)
(3.4325380325769643, 14.687985471684337)
(3.4295310135353, 15.908922785678943)
(3.4311950920340855, 16.206851225680733)
(3.4513683945369005, 17.012703134487147)
(3.456462810291954, 17.38062505169661)
(3.462272487857887, 17.4592454621743)
(3.4677610274679163, 17.48204625704362)
(3.482839914215678, 17.508394166607715)
(3.4896276028291444, 17.542157443517283)
(3.4951015452593586, 17.594138000834594)
(3.502108191570033, 17.750648962799275)
(3.507582134000247, 17.99515172468218)
(3.4098102236067147, 18.035366955069488)
(2.794568288810266, 18.3291206016445)
(2.632072483121881, 18.403974939730205)
(2.551948563123359, 18.43743167586367)
(2.461927755211009, 18.488784554448987)
(2.388241191510419, 18.525116935005798)
(2.236226160928417, 18.59112538212427)
(2.1974852457023144, 18.602759334435955)
(2.160306228716299, 18.609444842790726)
(2.1181349762339288, 18.62734098524257)
(2.07648922222486, 18.653207187872813)
(2.0408867006587474, 18.683802876762755)
(2.0168451455052456, 18.715887477993714)
(2.005488539610028, 18.739695478270193)
(2.0, 18.755708584526047)
(2.0005546928329285, 18.766203956812245)
(2.0073277842665793, 18.773458755179753)
(2.0204944404587217, 18.779750139679546)
(2.0593813274829635, 18.78360379515042)
(2.1152593318105897, 18.77291865952664)
(2.1889167011515527, 18.747169234334912)
(2.281141683215801, 18.705830021101935)
(2.580456855299914, 18.553260297687004)
(2.6974240571487313, 18.504403536849864)
(2.7903205094844203, 18.46195493795103)
(3.1140275690375665, 18.292627652109736)
(3.8104736151387666, 17.94953553776373)
(4.135873947550326, 17.792265522448723)
(4.357225582248375, 17.690698345303574)
(4.591612498520239, 17.60568437006739)
(5.228166315844991, 17.360758289969887)
(5.402398254103754, 17.29156765765198)
(5.62097642463716, 17.197591014010065)
(5.786537638086466, 17.137071106501615)
(6.02660285730594, 17.05450945747417)
(6.164881941683056, 17.002032596043183)
(6.280214259392717, 16.953496973161947)
(6.362002257890025, 16.913281742774643)
(6.410771435648279, 16.876044337069374)
(6.454154254055203, 16.866030671717034)
(6.516396628781694, 16.842937933251438)
(6.7132104042125675, 16.75411409408383)
(6.7988374610009314, 16.722817740562817)
(7.056331712918209, 16.61260903296784)
(7.203208536205715, 16.55702297223649)
(7.26442910834523, 16.537594125904185)
(7.353165364433955, 16.51496849719263)
(7.466614645947623, 16.474943030142903)
(7.527762232188067, 16.449412562648384)
(7.70411076151985, 16.367916507747356)
(7.846112126749515, 16.307309017160023)
(7.997134549104171, 16.246526360414926)
(8.35759730742873, 16.11415913386244)
(8.58232089066379, 16.01072351770111)
(8.714016646944835, 15.95545859492567)
(8.835552766075406, 15.911404306247306)
(9.107585809087329, 15.821047763199235)
(9.206160564370625, 15.782657180288666)
(9.69995396311539, 15.55409453876255)
(10.032258761578927, 15.420530343465323)
(10.40387376528131, 15.25994676833256)
(10.857875251853367, 15.078416240166842)
(10.954596165300297, 15.037471150788841)
(11.322547276869392, 14.870975717831445)
(11.488633988791996, 14.808645760026073)
(11.68552075012194, 14.728419659768853)
(12.303667523701357, 14.447891058105236)
(12.628381788661665, 14.330748690098652)
(12.750603975243484, 14.278636758163012)
(12.869074686613134, 14.235531286172552)
(12.922646336530164, 14.20957750046343)
(13.07388771658203, 14.167450039520503)
(13.134918525383966, 14.145860810575737)
(13.18552694779877, 14.122607503132187)
(13.225099902274266, 14.097952866426503)
(13.253024307258267, 14.072159649695333)
(13.269154190952632, 14.042906901348267)
(13.27083286663123, 14.018558805418676)
(13.260249911266147, 14.002268352746357)
(13.239594901829474, 13.99718853417112)
(13.211057415293292, 14.006472340532763)
(13.080675405195494, 14.058963799143564)
(12.512392597860376, 14.268316552034582)
(12.31582697448634, 14.346061131723438)
(11.855344340076906, 14.537444756263541)
(11.750638769271768, 14.576068894051131)
(11.722145074275028, 14.581236295705255)
(11.713605724083893, 14.15413741153022)
(11.703811016428762, 12.914282152496797)
(11.687958479150861, 11.883984006871787)
(11.67924396280196, 11.561911831457797)
(11.671054944926361, 11.419122218518183)
(11.65086704524373, 11.389694304013352)
(11.601951895687339, 11.371126691290065)
(11.518791762287522, 11.362893881875022)
(11.395868911074633, 11.364470377294923)
(11.050514233857466, 11.387738281918288)
(10.842621198947839, 11.394890900027102)
(10.527701641642661, 11.397664364191742)
(10.02947070023447, 11.396934505201049)
(9.271643513015803, 11.39357715384385)
(8.571300019904289, 11.385373538788436)
(8.166286668787695, 11.37436726520875)
(7.984653960363282, 11.359857668473731)
(7.706738253886354, 11.353434909355613)
(6.982396997160782, 11.34934769900772)
(6.689767333431437, 11.353434909355613)
(None, None)
(7.866664955927491, 11.453790520576206)
(None, None)
(8.049129703601297, 11.470212347866848)
(8.241316173031164, 11.480693122973232)
(8.724249269994383, 11.490283470110967)
(10.4250688703711, 11.493144517354493)
(11.579822571089458, 11.4775109377738)
(11.600696538223342, 12.457375827141771)
(11.623920651307262, 13.054502661789163)
(11.614490873147481, 14.652397547298039)
(11.441149362857365, 14.71626020898387)
(11.318591441139823, 14.76624095266668)
(11.203390498048488, 14.818323690242691)
(11.067987058094708, 14.886726074850648)
(10.902396650285779, 14.960412638551238)
(10.842285463812116, 14.982104047754701)
(10.806172040952518, 14.989957330494581)
(10.791866804734891, 14.983943292411253)
(10.743112224156452, 14.94187422018758)
(10.640304286727119, 14.825928820925736)
(10.51275412951322, 14.694379036442827)
(10.130687545064083, 14.332018644742462)
(10.02580680810118, 14.227955349849136)
(9.583001358446385, 13.76513716666948)
(9.364773520228514, 13.54153756628009)
(9.30251654832221, 13.483207235743727)
(9.123058819690067, 13.335425387307756)
(8.951206221740971, 13.184753297268635)
(8.774273805216632, 13.02383398700015)
(8.628696130932562, 12.885861443399126)
(8.550907759704266, 12.804029653362376)
(8.514823531204295, 12.75974180980699)
(8.479877882729806, 12.726051518796499)
(8.447647309700704, 12.70392219419862)
(8.41970830753689, 12.69431724988107)
(8.397637371658268, 12.698200099711569)
(8.383375926980083, 12.711600310780733)
(8.381638862582228, 12.729204509636302)
(8.39487850467344, 12.756530430247931)
(8.476097213158006, 12.862418372617995)
(8.549112306587155, 12.945257368061903)
(8.64551208207818, 13.042547571521578)
(8.76853711354977, 13.157354390757936)
(9.183753893356284, 13.519203881164815)
(9.35927038343867, 13.683918458184914)
(9.444269761495038, 13.767896033654306)
(9.824307337950044, 14.16168415349401)
(10.02061021208743, 14.358804469700976)
(10.539262608055273, 14.86871315496029)
(10.637647600000989, 14.976206787109883)
(10.664725368555782, 15.011648739698042)
(10.672972775150638, 15.030099574982819)
(10.657076446333297, 15.047324247163225)
(10.603169061280548, 15.075934719598479)
(10.485501194800662, 15.127316792543423)
(9.95588631679258, 15.343938940981767)
(9.664935328741834, 15.46661364013782)
(9.402711590564852, 15.582632025298732)
(9.17204695514553, 15.691950304925065)
(9.078975336652075, 15.732267715571068)
(9.007609724541897, 15.750587176237518)
(8.906363685352657, 15.781328836925603)
(8.682326169568848, 15.856475118607582)
(8.62206901129705, 15.880385299142759)
(8.517699175627632, 15.933168701349837)
(8.414643086141467, 15.979470955719542)
(8.322534881515729, 16.015438406781)
(8.251008700427597, 16.03721739906335)
(8.209698681554247, 16.040954277095707)
(8.164637187468724, 16.01224162440176)
(8.086994788038567, 15.946130997024584)
(7.9875442019664336, 15.852957198272431)
(7.87705814795499, 15.743055031453544)
(7.705570479501239, 15.564268773092842)
(7.627227415440014, 15.491618609159039)
(7.410371712124649, 15.308482391213794)
(7.127230215274343, 15.079379654034561)
(6.691591980908175, 14.699838381693228)
(6.6165332823050775, 14.637464632348413)
(6.553561048587895, 14.592782664938053)
(6.502938028993273, 14.56596764561991)
(6.464926972757865, 14.557194740551752)
(6.439790629118321, 14.56663911589135)
(6.431878957659187, 14.598373384806777)
(6.425543781619949, 14.678628679423626)
(6.42060993484285, 14.811258655212763)
(6.405443465016203, 15.96465481820843)
(6.397823737153346, 16.352968995617918)
(6.38505120481618, 16.79270903751179)
(6.226306874339968, 16.865694936581313)
(6.093268177516041, 16.92145616347043)
(5.6191371799806085, 17.09237454191144)
(5.218065067413768, 17.26193538262975)
(5.033892449701732, 17.329666296966273)
(4.543952706427842, 17.518670581196705)
(4.2344924943730655, 17.628908483151314)
(4.157069052640116, 17.663941714704684)
(4.047663189934902, 17.723512805525232)
(3.919032841414775, 17.787331675671616)
(3.6637865551888398, 17.906386274233824)
(3.6079377452208408, 17.92763976804287)
(3.60333963357946, 17.92266212972633)
(3.599398395029706, 17.887833258690357)
(3.6042592559077375, 17.78651423360204)
(3.599704935805799, 17.635316645089617)
(3.563752081924151, 17.143128936124384)
(3.548731583895643, 16.821582259183693)
(3.5399294844678595, 16.42226180819452)
(3.5362947866941967, 15.886136587989437)
(3.5389952649597705, 14.472925221486083)
(3.5444546102101695, 13.99311592100304)
(3.554643441720276, 13.669642416326916)
(3.5710506718311033, 13.457399421832744)
(3.595165212883674, 13.311281651895559)
(3.6554369683352865, 12.99720873101959)
(3.6945866045961786, 12.835355201243015)
(3.7064687089646964, 12.8003803584089)
(3.851900411450627, 12.438633048260717)
(3.8915463518251916, 12.349458876777575)
(3.926900721334469, 12.280954311910921)
(3.9591021000039426, 12.23119252592532)
(3.989289067859097, 12.198246691085338)
(4.177592687458465, 12.030671066821714)
(4.246564362079164, 11.96104251910939)
(4.315798785936515, 11.909251725129655)
(4.434780398599649, 11.842746973897507)
(4.572242040907188, 11.776592554980892)
(4.696916553697749, 11.72585275794776)
(4.804775115342688, 11.69916911324794)
(4.925887916258654, 11.648443913394624)
(4.990641005913133, 11.629467579636547)
(5.051657217535256, 11.61837372297798)
(5.129518574662623, 11.599835304614322)
(5.249478198373288, 11.564291171767465)
(5.304100845236922, 11.553416272806105)
(5.432351667081885, 11.536045628827559)
(5.7318274081439515, 11.515828534785301)
(5.886922443666688, 11.497582060017919)
(6.026310913709661, 11.48558317821089)
(6.1975796244662025, 11.476036622612597)
(6.612635835294764, 11.46535148698882)
(6.9730985936193255, 11.464986557493472)
(7.198916965340429, 11.460928541505206)
(7.279858327408528, 11.456972705775637)
(7.368288042721161, 11.447177998120507)
(7.488539610028107, 11.442244151343408)
(7.55891261391094, 11.442448511860801)
(7.866664955927491, 11.453790520576206)
(None, None)
(7.063820066162741, 15.163298840784698)
(None, None)
(7.363062252347784, 15.409626250144337)
(7.503341150359405, 15.534753275509127)
(7.696169895701084, 15.716984468305911)
(8.081973358182584, 16.099342996351325)
(7.985413013713604, 16.14152884601351)
(7.7890955423964, 16.21906906518497)
(7.457958518317977, 16.368369020321587)
(7.326029207159908, 16.417123600900027)
(7.226797578784985, 16.44577786487472)
(7.107976535099803, 16.489102294562393)
(6.858788078496637, 16.599646737293092)
(6.73631773985798, 16.640299883074814)
(6.492705405943726, 16.741618908163126)
(6.486092883488027, 16.70092197084196)
(6.483596765739849, 16.59646455209366)
(6.484954303462543, 16.454696741741017)
(6.489902747419456, 16.302068629606833)
(6.504470732873734, 16.057098757969886)
(6.514338426427932, 15.73911379290379)
(6.519885354757217, 15.04487192095449)
(6.524322897420642, 14.82276123290612)
(6.527373708001749, 14.776473575716228)
(6.538321592862177, 14.718084856460608)
(6.8625541508886245, 14.996715824748419)
(7.063820066162741, 15.163298840784698)
(None, None)
(None, None)
