(5.146816706296908, 19.147243443431723)
(4.771854732208864, 19.096671165289226)
(4.543790735254971, 19.025468690264596)
(4.494744714404673, 18.97165525899598)
(4.458903391475605, 18.96885997878668)
(4.453192788348632, 18.934767849608217)
(4.412755544584641, 18.919951149603097)
(4.390667686243667, 18.871762576669756)
(4.2523784861958305, 18.723595576618504)
(4.2320741195221405, 18.668478824516107)
(4.205527532012957, 18.665100479723268)
(4.181450394504628, 18.63097405262813)
(4.118479419482845, 18.35707089003338)
(4.103439783019305, 18.165894302467247)
(4.073549148633966, 18.167935028509618)
(4.0652833507144415, 18.082790450355166)
(4.0726231048836485, 18.04924708784356)
(4.097763477809011, 18.039575075340217)
(4.091298320515108, 17.988368285739167)
(4.116678778857221, 17.906704946127583)
(4.136828804905857, 17.87971248570158)
(4.16803990908332, 17.876539928408818)
(4.191208151799669, 17.752175682532464)
(4.327147944555027, 17.580857588723198)
(4.519885087330034, 17.399250119910374)
(4.718590067607105, 17.255198869860543)
(4.958881271856894, 17.16854518337223)
(5.136990353168507, 17.162217217745045)
(5.346825007407763, 17.129222621900297)
(5.566743249150507, 17.178080004208866)
(5.75346110754843, 17.263001645904907)
(5.66754482626871, 16.938646247876036)
(5.592020813742583, 16.77209556448509)
(5.572831129360947, 16.582805362336277)
(5.515485012674441, 16.317339487244446)
(5.49235106787477, 16.002964782969023)
(5.489864468915576, 15.669263202645256)
(5.506807639754772, 15.50754852550598)
(5.532188098096885, 15.443925890067305)
(5.510374623089341, 15.299308724392278)
(5.541294194975034, 15.181701168101595)
(5.53909912830761, 14.570615186640202)
(5.567995123109271, 14.271074331328247)
(5.547896543935652, 13.624935879021399)
(5.573379896027802, 13.486372295640132)
(5.6179671877098905, 13.47152129771833)
(5.610215858540543, 13.422132297701243)
(5.656998216890061, 13.524528727944997)
(5.6815555252318894, 13.906470328077122)
(5.645199733552644, 15.200170596232983)
(5.664269375225909, 15.40897631297188)
(5.700608017946811, 15.44896768381905)
(5.995312867007095, 15.566438048443018)
(6.280945917105902, 15.715942667244738)
(6.4280839796568, 15.82001969540574)
(6.710252940171077, 15.974085937125702)
(6.746745923517037, 16.004954062136385)
(6.75129039747694, 16.032015118395744)
(6.780323583945316, 16.02786507047764)
(6.865793992308219, 16.074270151743693)
(7.013240736109224, 16.204739426788827)
(7.162179439285746, 16.29178753931894)
(7.206972518467909, 16.36456771851078)
(7.242539458063547, 16.504194537309083)
(7.273133199740794, 16.498946956057267)
(7.316657256005851, 16.546946890448872)
(7.360884419562816, 16.559019757119714)
(7.362273485188299, 16.590556691505626)
(7.511829550865035, 16.811675360332117)
(7.538153201915805, 16.873445908270153)
(7.5388906071243955, 16.933192879124153)
(7.595224935268881, 16.933192879124153)
(7.609561464440507, 16.972601185387784)
(7.672189460295506, 17.030307430199414)
(7.700896816555436, 17.18943261462946)
(7.742911764486638, 17.30716021362852)
(7.741814231152923, 17.359481685521615)
(7.830457196808589, 17.42711717721168)
(7.988862124988388, 17.31498013863122)
(8.025800981251166, 17.30661144696166)
(8.022971403125183, 17.33720518863891)
(8.059601578137858, 17.320330613633075)
(8.045350793757926, 17.278607197993644)
(8.060373281263121, 17.23590629172887)
(8.209191941731273, 17.039859399994384)
(8.275901389671013, 16.91408893953421)
(8.411618245967961, 16.557922223786)
(8.540166837679099, 16.0325638850626)
(8.603326451242612, 15.917528672522803)
(8.749264086709765, 15.416556152557837)
(8.891720483634044, 15.014344483668701)
(8.904925181555278, 14.9601880732333)
(8.892920910717791, 14.922185981553486)
(8.776822462760963, 14.885178529457352)
(8.490554901203602, 14.865542972158895)
(8.362246394909217, 14.774259066918981)
(8.339661216776404, 14.262637043825329)
(8.31079951989142, 14.116167790649662)
(8.185131953181282, 14.010735994779859)
(7.882572881201617, 13.817364340546298)
(7.85403701452508, 13.777012841574004)
(7.793192510337365, 13.767495169695712)
(7.76290744991022, 13.719238000929021)
(7.754144332198856, 13.661154479033929)
(7.644956914452752, 13.61507522797632)
(6.907105832947508, 13.106642911133774)
(6.79270513186627, 13.0537212256988)
(6.780666563112101, 13.003560522556448)
(6.690188658914138, 12.965232600668188)
(6.6714619964076585, 12.945013978786195)
(6.673108296408229, 12.914866110025766)
(6.591685042213395, 12.882728962097982)
(6.481091409883473, 12.787174966231591)
(6.404041140065149, 12.75846760997166)
(6.097332020167383, 12.532650126560213)
(6.016457532639408, 12.499621232798784)
(5.710605860658605, 12.279668693139367)
(5.684676635649636, 12.229971011872172)
(5.591077621033923, 12.196804926444033)
(5.20229358652443, 11.926948918017347)
(4.975001292695805, 11.794353172138145)
(4.657522626960981, 11.544475700176708)
(4.469175617520824, 11.422203627217744)
(4.403495107081438, 11.404934626170101)
(4.390530494576952, 11.370362326158142)
(4.335756721641338, 11.355682817819732)
(4.226637899728593, 11.268943386539727)
(4.1783464330452205, 11.252703322992442)
(4.16080304866415, 11.183678765676898)
(4.073103275717145, 11.159087159418391)
(4.037193356954726, 11.11846127711267)
(4.004438846526726, 11.123091495864271)
(3.7406535693521414, 10.925329708295859)
(3.6353932630657297, 10.876712411404043)
(3.586810264090591, 10.821029743676446)
(3.553524135954076, 10.821749999926695)
(3.5342487067807404, 10.789338468665484)
(3.3154108494133725, 10.614110412354867)
(3.148448591022282, 10.50828419044326)
(3.1348666160175833, 10.448863049797703)
(3.0568388555739254, 10.440940231044962)
(3.0017221034715247, 10.41583415603628)
(2.9037329555209617, 10.320468798711621)
(2.8768090909283135, 10.306886823706924)
(2.865164948215953, 10.321394842461942)
(2.486344458501574, 10.097326552801096)
(2.471990780371609, 10.064606340289778)
(2.3367540949081604, 10.007174478811578)
(2.265517321966851, 9.926334289200277)
(2.195035103192469, 9.925819820450101)
(2.1733073729766184, 9.897661230857027)
(2.1408100969237105, 9.901313958983291)
(2.1465207000506856, 9.829082546458304)
(2.106049158370018, 9.827230458957661)
(2.0831724479454388, 9.85787564750993)
(2.0614275687712493, 9.84365916104668)
(2.010941035420452, 9.777772863107222)
(2.0, 9.707685070374641)
(2.2729771188444308, 9.832323699584425)
(2.3419845272016357, 9.883633382935509)
(2.3693028178360853, 9.880237889184333)
(2.8012164825688304, 10.173450778869098)
(3.16648929519519, 10.386372245609419)
(3.7380812256012534, 10.812180881173386)
(3.901339308991062, 10.86602861035868)
(3.926171000666317, 10.917338293709761)
(4.04192646945636, 10.980000587481438)
(4.062848198630265, 11.037706832293066)
(4.184502909089016, 11.097145121896963)
(4.641968521747264, 11.423626990759901)
(5.480243903287249, 11.973748425325203)
(5.796882270063449, 12.208380473323036)
(6.421275843196113, 12.62942169846869)
(6.707423362045098, 12.849305642294752)
(7.1789682694998875, 13.13867716531152)
(7.600506814437375, 13.476717432095125)
(7.65387437278917, 13.53920823628341)
(7.66023663633304, 13.588614385258834)
(7.716605262394206, 13.591615452968206)
(7.768172180120375, 13.617321741518765)
(7.856592209317628, 13.68869570612679)
(7.859284595776896, 13.721021492596305)
(7.888403527036966, 13.712618503010065)
(7.926885789550281, 13.727503798848545)
(8.069976697933114, 13.83067193221757)
(8.185680719848136, 13.856275327018093)
(8.209654963606432, 13.887314941612162)
(8.20759708860572, 13.91214663328742)
(8.297869205303616, 13.958483118720116)
(8.431631080349888, 14.098590108351914)
(8.42523451888934, 14.190611418800414)
(8.448694293897454, 14.228424871938497)
(8.440977262644783, 14.325796657388844)
(8.46562031577831, 14.316399028218926)
(8.47724730953233, 14.344626213645357)
(8.492475584537601, 14.628904496035364)
(8.531866741842894, 14.746409158576014)
(8.609139948119623, 14.783553802338862)
(8.948174854486904, 14.780981458587975)
(9.021143672220482, 14.854001723196568)
(9.033988242016592, 14.904419660714007)
(9.019445925344897, 15.026863223256365)
(8.95419413886399, 15.193808332689114)
(8.894721551343416, 15.443548612983841)
(8.819814901317503, 15.622515142212416)
(8.709564248154363, 16.081729948621273)
(8.553714514767117, 16.45871549979335)
(8.532878530384911, 16.604258709218698)
(8.486524895993877, 16.65227579256864)
(8.469959002238143, 16.71915673009178)
(8.440805773061392, 16.75949108010573)
(8.475223732448299, 16.775696845736338)
(8.430670738682888, 16.82882431867138)
(8.364801589701766, 16.993368573936635)
(8.269693466752202, 17.165749903162933)
(8.16717699380007, 17.299443182375846)
(8.074383980226303, 17.356274830312174)
(8.070594060433326, 17.411014305331115)
(8.038834189589007, 17.415918907416142)
(7.8844935645356164, 17.5505039324627)
(7.654851863414509, 17.704587323141)
(7.137004768443703, 17.81994836588924)
(6.9050822558634755, 17.829791867975977)
(6.222656607710737, 17.717534786687146)
(6.216482982708603, 17.745316099196756)
(6.2988322806537544, 17.97175094510842)
(6.302227774404931, 18.05185372951113)
(6.243578336884641, 18.367480307745314)
(6.116161576423901, 18.69360204848313)
(5.856869326334202, 18.945022926695103)
(5.5800679897801135, 19.10965292675205)
(5.363030773038368, 19.155406347601215)
(5.146816706296908, 19.147243443431723)
(None, None)
(5.314019050104748, 19.05292417256576)
(None, None)
(5.644805307510843, 18.986746342334538)
(5.763887674218703, 18.923569579812682)
(5.822056940905492, 18.84928029228698)
(5.7834203377671285, 18.76367269225737)
(5.788719365893961, 18.741567684958056)
(5.840372028411828, 18.7128946266148)
(5.928894951359117, 18.70896751515511)
(5.972196071165765, 18.685061867230175)
(6.037705092021759, 18.58024743386058)
(6.08671681495538, 18.379313088999407)
(6.12826874101142, 18.28574837230037)
(6.153580603520178, 18.260265020208223)
(6.205181819163025, 18.28468513688334)
(6.170403731650998, 18.19986638893733)
(6.117584939966057, 17.925877481550884)
(6.0433813972320545, 17.689547686677464)
(6.003938793051744, 17.612668906442536)
(6.009340714928614, 17.56466897205093)
(5.950588383658287, 17.56706982621843)
(5.919891748231002, 17.53126280120604)
(5.923733114899, 17.50024033557031)
(5.885525235719115, 17.503704425154844)
(5.711291818992175, 17.39847841678511)
(5.391189362631444, 17.2865814636214)
(5.29410910947286, 17.29013129799763)
(5.26886584279746, 17.394568454283757)
(5.247309602165003, 17.404960723037348)
(5.260788683419666, 17.368810718858178)
(5.205826271942321, 17.40307433762003)
(5.1791081948497455, 17.349329502184773)
(5.095369831279111, 17.263001645904907)
(4.859434462447494, 17.34987826885163)
(4.584056489435566, 17.50584804494725)
(4.482431762317079, 17.593067647060757)
(4.391953858119112, 17.7653803804537)
(4.323255131012016, 17.818370661722028)
(4.291443813292679, 17.82291513568193)
(4.292129771626248, 17.87319588153266)
(4.2521041028624005, 17.871412389865377)
(4.216331375766693, 18.419698885888376)
(4.234029100772814, 18.48006321924259)
(4.294736413293817, 18.52310710467415)
(4.302659232046558, 18.61552284116445)
(4.33249841955688, 18.682129395354156)
(4.489068409194374, 18.8427808370764)
(4.669595493631824, 18.96990606524538)
(4.831344468687778, 19.018506213178853)
(5.007498568748713, 19.01231543921838)
(5.052223052097517, 19.04829395381416)
(5.115811389619516, 19.056165325691882)
(5.14772560108889, 19.09228103195438)
(5.314019050104748, 19.05292417256576)
(None, None)
(7.204691707008785, 17.68958198459414)
(None, None)
(7.5147620227410465, 17.608090134565952)
(7.600695452979109, 17.5653549303845)
(7.721441268645878, 17.46873769910108)
(7.720343735312164, 17.437080722006797)
(7.465287277932265, 16.99815313331329)
(7.076468945506095, 16.47763080084156)
(6.639016167229768, 16.079140455912043)
(6.558330318243524, 16.04585432777553)
(6.5470463036562885, 15.985644335046366)
(6.448148260913743, 16.014934755889833)
(6.409185827566932, 16.010373132971587)
(6.402343393189563, 15.964928393372535)
(6.258960952514965, 15.894240387098082)
(6.25227285876265, 15.83032621936764)
(6.158090779563404, 15.808426999568399)
(5.91924008781411, 15.700491455781059)
(5.789130940894101, 15.614832408876428)
(5.707707686699271, 15.590515185951347)
(5.573499938736178, 15.835831034994543)
(5.568320953317717, 15.854591995417701)
(5.613885735625148, 15.84941300999924)
(5.6258214106292765, 15.872564103757252)
(5.605722831455656, 16.02556711006018)
(5.564359543941347, 16.099873546544217)
(5.582468843947613, 16.122167192385263)
(5.625152601254046, 16.12986707467959)
(5.591403451242369, 16.146518713227017)
(5.58625876374059, 16.19762260907803)
(5.670151467936279, 16.56142061128721)
(5.741902709627766, 16.662565167572204)
(5.838554238827866, 16.70859297175479)
(5.8206164284049935, 16.75132817593624)
(5.750117060672274, 16.781133065529886)
(5.839205899244758, 17.14510255732246)
(6.161932146231398, 17.449462269927743)
(6.372967227554402, 17.60812443248263)
(6.5354707567772845, 17.653809257498434)
(6.929896798580395, 17.72051870543818)
(7.204691707008785, 17.68958198459414)
(None, None)
(5.650567357512836, 16.583474171711508)
(None, None)
(5.629131159588754, 16.564181593579832)
(5.60889538874842, 16.604601688385483)
(5.636299424174565, 16.616057192556113)
(5.650567357512836, 16.583474171711508)
(None, None)
(7.5798251706802215, 13.488087191474058)
(None, None)
(7.5583889727561395, 13.466650993549976)
(7.5369527748320575, 13.488087191474058)
(7.5583889727561395, 13.50952338939814)
(7.5798251706802215, 13.488087191474058)
(None, None)
(6.529451472400201, 12.737820264131186)
(None, None)
(6.5101588942685265, 12.716384066207103)
(6.473751655714265, 12.744988528716997)
(6.506128889058801, 12.75826182247159)
(6.529451472400201, 12.737820264131186)
(None, None)
(3.335457981711974, 10.551328075874816)
(None, None)
(3.312135398370572, 10.531092305034482)
(3.279758165026038, 10.544982961289287)
(3.3161654035802997, 10.572764273798898)
(3.335457981711974, 10.551328075874816)
(None, None)
(6.377254467139218, 17.43020398971275)
(None, None)
(6.361357382758721, 17.413998224082142)
(6.4008342848557085, 17.387331593864587)
(6.389721759851866, 17.376373409485794)
(6.359539593174758, 17.387177253239532)
(6.372967227554402, 17.36803901573291)
(6.418377669236776, 17.35236486781082)
(6.4584376359173, 17.37537876990212)
(6.465142878627955, 17.398049692826625)
(6.445318682787764, 17.43344514283887)
(6.377254467139218, 17.43020398971275)
(None, None)
(6.743813451641022, 17.4173422709583)
(None, None)
(6.779054561028214, 17.355245892811816)
(6.812495029789782, 17.362002582397487)
(6.82443070479391, 17.429638074087556)
(6.791367513115803, 17.378208348028096)
(6.7750417047768225, 17.391910365741168)
(6.7775111547776765, 17.428643434503876)
(6.743813451641022, 17.4173422709583)
(None, None)
(7.322590795591237, 17.400193312619034)
(None, None)
(7.334663662262079, 17.369736762608497)
(7.351160960184453, 17.374418428235117)
(7.351160960184453, 17.425968197002952)
(7.334663662262079, 17.430649862629572)
(7.322590795591237, 17.400193312619034)
(None, None)
(7.924947957257943, 15.629563364089856)
(None, None)
(7.834229967643228, 15.589160418242546)
(7.708442358224714, 15.567398390110018)
(7.541137120666837, 15.599346899496071)
(7.490239012315899, 15.646129257845585)
(7.455666712303938, 15.639646951593344)
(7.423769649792906, 15.666124943269171)
(7.392164119573638, 15.66588485785242)
(7.375906907068012, 15.636354351592205)
(7.384755769571075, 15.56525477031761)
(7.406432052911905, 15.539874311975495)
(7.527057825870301, 15.497344895294118)
(7.702011498847489, 15.479509978621282)
(7.882727221826671, 15.491205568208661)
(7.996356219782645, 15.547351257811414)
(8.096763370859046, 15.66430715368521)
(8.055777360428198, 15.65677876097427)
(8.05999600417966, 15.691453954736264)
(7.924947957257943, 15.629563364089856)
(None, None)
(13.611971266516914, 14.44199799909571)
(None, None)
(13.573694791503673, 14.380347493866049)
(13.498856737311117, 14.3315415584325)
(13.470938233134794, 14.290092526126495)
(13.436365933122833, 14.294722744878097)
(13.13845422885311, 14.064686617715187)
(12.995534810053673, 13.977484164560021)
(12.972023588170538, 13.942088714547776)
(12.763766638098495, 13.806148921792419)
(12.752482623511261, 13.81523786971223)
(12.642866481806672, 13.749265826981073)
(12.472783112997835, 13.687529576959719)
(12.332761868157732, 13.600412868596248)
(12.196067521235445, 13.483251185222386)
(12.091287385782532, 13.433776440413606)
(11.64229335854388, 13.139414570520106)
(11.432047129304483, 13.026711616314454)
(11.274585393833345, 12.992276507969208)
(11.151661660457487, 12.9256699537795)
(11.013441056243007, 12.822501820410482)
(10.904287936413581, 12.775479376644212)
(10.845535605143258, 12.773472948518519)
(10.820995445759769, 12.74241618496611)
(10.737359975939171, 12.716058235998657)
(10.590616339430074, 12.62679790784278)
(10.568854311297546, 12.59222560783082)
(10.510273469610615, 12.570480728656632)
(10.49871507168995, 12.550073468232904)
(10.529651792533983, 12.549353211982655)
(10.509638958152062, 12.52174338905644)
(10.405459036241023, 12.49133828592092)
(10.292001527868441, 12.41243592860196)
(10.229905149721958, 12.39024517651095)
(10.21263614867432, 12.361760756709428)
(10.18272836533064, 12.362583906709713)
(10.16636825907498, 12.31551001606843)
(10.139307202815619, 12.323261345237778)
(10.054248369452862, 12.25528287438093)
(9.980353507968967, 12.142854303508704)
(9.916696574613614, 12.1163420139162)
(9.8866001527282, 12.077139495152636)
(9.823594879789738, 12.044282090974605)
(9.783980786026035, 11.993452578457022)
(9.785181213109784, 11.972205019074671)
(9.73225952767481, 11.977384004493128)
(9.63277842034873, 11.90402076071775)
(9.597057140128042, 11.900813905508308)
(9.631423652639928, 11.866138711746315)
(9.62600458180472, 11.84242170236311)
(9.576752773454348, 11.859124787785552)
(9.533125823439258, 11.849109796115421)
(9.403651187977804, 11.762507556502129)
(9.37542400255137, 11.72913568357392)
(9.379539752552793, 11.711883831484618)
(9.324611638992126, 11.722619079404998)
(8.960384912824463, 11.494572231409444)
(8.903381775304744, 11.438083562639902)
(8.849654088827826, 11.414640936590127)
(8.699069085650734, 11.297256316757853)
(8.4844841699515, 11.22497345735785)
(8.452038340773614, 11.180420463592435)
(8.446139099104904, 11.112510588568945)
(8.39488086262884, 11.095241587521304)
(8.225311962570181, 10.974375729146159)
(7.7091969123916435, 10.676343982168062)
(7.473175798768327, 10.47715883105749)
(7.402024770618716, 10.4456733435466)
(7.27347617890758, 10.351302625805621)
(6.881673927730378, 10.142051036149901)
(6.629652835976531, 9.925476841283317)
(6.4502404338311345, 9.85135904334101)
(6.148504511851755, 9.597623055753235)
(5.963210016995989, 9.480872947379513)
(5.872371984672897, 9.403102421310944)
(5.805542494024781, 9.378527964010777)
(5.684333656482851, 9.297001816065908)
(5.641787090843133, 9.25767925459397)
(5.638305852300263, 9.229983686876057)
(5.552338124145521, 9.209919405619118)
(5.53834457414068, 9.155042738933467)
(5.503909465795438, 9.118481159754154)
(5.368672780331986, 9.023012908679462)
(5.266190605296536, 8.982266983665365)
(5.217350371946308, 8.934387091982135)
(5.21774479798811, 8.904702245096868)
(5.164188601094582, 8.909486804473522)
(5.144107170879305, 8.883146004464411)
(5.099605623988911, 8.869581178418052)
(5.089522036485423, 8.845469742993044)
(5.0353656260500195, 8.829606956529222)
(4.867580217658647, 8.716286639823355)
(4.7458226134498585, 8.60804241478591)
(4.524532455039974, 8.491000774120423)
(4.467049146686758, 8.44181756160341)
(4.44310920084514, 8.355181024073438)
(4.413270013334818, 8.353534724072869)
(4.3858488289503335, 8.397161674087961)
(4.115495500731813, 8.232514525072672)
(4.098861011142724, 8.202075124020475)
(4.033883607995247, 8.162563924006808)
(4.029510623618732, 8.132741885454823)
(3.9631784527624543, 8.110928410447277)
(3.5850267724233067, 7.845685471813856)
(3.5689239005427367, 7.790311485336368)
(3.5133612755235157, 7.7875676520020845)
(3.153284597273954, 7.5375701373322705)
(3.1030038514232285, 7.520592668576397)
(3.0527745524475183, 7.461583102930984)
(2.809945302363517, 7.303932728918115)
(2.62423923250761, 7.144275926779552)
(2.445855767862568, 7.040078855910174)
(2.4671204762032577, 6.821052360001072)
(2.5182929678876267, 6.750570141226692)
(2.523214718930995, 6.6854555464125)
(2.5599134897770233, 6.682557372453164)
(2.5744043595737027, 6.6584116391114785)
(2.603694780417168, 6.668049353698145)
(2.571746271031117, 6.607547828677216)
(2.613932708545711, 6.579732218250926)
(2.625971277299876, 6.511668002602382)
(2.733872523170534, 6.375522422346952)
(2.7056281887857647, 6.376294125472219)
(2.8322217992462226, 6.21114965666509)
(2.9197329336514963, 6.136757475389357)
(2.94159785553406, 6.078090888910728)
(2.987762851383363, 6.0402945847309875)
(3.022300853478644, 5.953846685742748)
(3.042519475360638, 5.934708448236128)
(3.0745194316217073, 5.934759895111147)
(3.1871023431189873, 5.760869457550991)
(3.243333777513439, 5.736192106500789)
(3.2609629066862027, 5.6870088939837755)
(3.367612278598097, 5.6102844543739)
(3.802835692290318, 5.220951653197552)
(3.845159321471627, 5.193753405271478)
(3.8557745266836307, 5.203665503191573)
(3.9420509360884792, 5.102263712531494)
(4.324421260179086, 4.812943636389743)
(4.418980616461795, 4.758821523871022)
(4.4342603383420816, 4.723477520733795)
(4.456176707099663, 4.7280391436520395)
(4.520228066496819, 4.687601899888052)
(4.553617088383371, 4.690071349888907)
(4.563837867553573, 4.6660971061306125)
(4.636823834245487, 4.640733796746838)
(4.810920059305712, 4.51062464982683)
(5.031061237506865, 4.443023456053444)
(5.220522929239071, 4.351688103938515)
(5.483330715788318, 4.280845757039009)
(5.571630702277195, 4.201669016386621)
(5.594301625201707, 4.098260797600849)
(5.588728213741444, 3.5863986890904465)
(5.578335944987849, 3.34600459109062)
(5.5458729668516185, 3.224298433756852)
(5.530610393929675, 2.8168220346575614)
(5.548976928311027, 2.772989297142399)
(5.548290969977456, 2.6578340418942297)
(5.57368857727791, 2.6145157731292454)
(5.580119436655133, 2.5560549741506877)
(5.575352026236818, 2.5284451512244708)
(5.547690756435581, 2.5060314626750504)
(5.546901904351975, 2.4343831147335986)
(5.551703612686968, 2.4146618126434425)
(5.577684284570957, 2.5020357553820016)
(5.614383055416988, 2.3534914782472827)
(5.590546003325406, 2.244801380293017)
(5.580513862696936, 2.3447455094942566)
(5.572522448110839, 2.288788458433233)
(5.607060450206118, 2.1831508750633564)
(5.6655726960596935, 2.111896953163708)
(6.434240455700599, 2.071408262524702)
(6.453550182790612, 2.08406419377908)
(6.4457817046629255, 2.121706157333768)
(6.459535169251015, 2.1250330552515857)
(6.523415039064778, 2.1039912833693064)
(6.537031311986156, 2.0637941250220675)
(6.60909123492775, 2.0461306979326244)
(7.204503068467054, 2.0010632354170337)
(7.230020718475883, 2.0088488625030605)
(7.2338963830605545, 2.0399742218888277)
(7.321013091424023, 2.0)
(7.420871475833568, 2.02917037813509)
(7.523370799827361, 2.007082519794116)
(7.696026512387087, 2.0012175760420874)
(7.838362866602991, 2.0256376927172024)
(8.213410585482729, 2.0443129083486626)
(8.289277577175639, 2.0697619625241326)
(8.389856217835433, 2.0363214937625647)
(8.466512061611951, 2.0503150437674047)
(8.484878595993306, 2.0754897146094473)
(8.516912850171053, 2.066160681272887)
(8.51259131266956, 2.104282815661074)
(8.535365129344104, 2.130349232336758)
(8.51067062933556, 2.199030810485517)
(8.539377985595491, 2.3269963376131173)
(8.52399536996517, 2.6550044637682513)
(8.549718807474068, 2.91282190344077)
(8.537954622053334, 2.9733234284616996)
(8.514254761628468, 2.9774563274214625)
(8.511047906419023, 3.00113903888799)
(8.540698455387615, 3.1785450129076915)
(8.522194729339548, 3.2281226514665096)
(8.537474451219834, 3.6485465141119455)
(8.515060762670414, 3.966505350680271)
(8.57070913248133, 4.2559454695303955)
(8.662610400221457, 4.319739594552464)
(8.745577060666823, 4.33874064039237)
(8.825765589861227, 4.387769512284331)
(8.997049385753815, 4.453655810223789)
(9.029615257640078, 4.449094187305545)
(9.04194535868601, 4.474628986272712)
(9.076517658697972, 4.474165964397551)
(9.08637830974305, 4.502461745657339)
(9.11897847954599, 4.498809017531077)
(9.334352247328829, 4.589561305062471)
(9.394390750474596, 4.5987531467323155)
(9.435548250488836, 4.643872056122923)
(9.562879266157882, 4.665634084255451)
(9.602784892213354, 4.691237479055976)
(9.658141729732504, 4.687293218637945)
(9.688906960993148, 4.7115761436463455)
(9.684671168283348, 4.738157029072207)
(9.735054807884108, 4.736442133238279)
(9.801284084990353, 4.805569584303861)
(9.853914238133559, 4.819768921808772)
(9.892242160021821, 4.864219021824148)
(9.942111330872404, 4.875331546827994)
(9.963976252754968, 4.903678774962799)
(10.01598904339796, 4.904296137463012)
(10.253330626813396, 5.093397701070096)
(10.245459254935675, 5.162542301094013)
(10.19233178200063, 5.166177880261937)
(10.136460475731303, 5.137504821918686)
(10.12555373822753, 5.089281951068671)
(10.055688881953362, 5.088561694818422)
(9.992031948598008, 5.055875780223782)
(9.976837971509418, 5.029192001047884)
(9.94706737983245, 5.033187708340932)
(9.904606558984431, 4.978756914572103)
(9.634047443265835, 4.809290908263481)
(9.610296135965953, 4.766984428040512)
(9.507745365097145, 4.756935138453703)
(9.174301019148464, 4.610774566528141)
(8.70736918148694, 4.443657967511998)
(8.624539712708287, 4.438890557093682)
(8.503725301208158, 4.4613042456431025)
(8.512145439752738, 4.766521406165352)
(8.54291067101338, 4.868729197867376)
(8.505251558500351, 4.940497588517202)
(8.525898904340828, 5.308702873019575)
(8.517290127254515, 5.347442369907975)
(8.489234431411479, 5.3625163042881905)
(8.482289103284076, 5.44308211056606)
(8.486576342868894, 5.545975860601654)
(8.507240837667707, 5.435896697021908)
(8.513928931420022, 5.459150684529952)
(8.51953664079696, 5.744320712753601)
(8.546889229348091, 5.87163457946431)
(8.551656639766406, 6.307938377531906)
(8.583296467902354, 6.48157158071697)
(8.544454077263914, 6.617785756805757)
(8.54291067101338, 7.0553757267487995)
(8.533135764759997, 7.129184843440998)
(8.511116502252383, 7.151838617407169)
(8.539292240803796, 7.501968899819954)
(8.53378742517689, 7.548768407127811)
(8.503279428291336, 7.558526164422853)
(8.54061271059592, 7.765359750952736)
(8.625705841875355, 7.805899888466761)
(8.655339241885605, 7.842718702021163)
(8.68793941168855, 7.842650106187805)
(8.80477526485397, 7.922752890590516)
(9.035480201392108, 8.032540521878495)
(9.05160022223102, 8.076167471893587)
(9.169533608730148, 8.131592905246094)
(9.211788642078098, 8.188767532349203)
(9.344504430665676, 8.23397218653151)
(9.527586709895674, 8.330829503231683)
(10.301982221621895, 8.826657335694868)
(10.575130830049718, 8.964483513867547)
(10.815181948882758, 9.150686903515293)
(11.333612108437098, 9.504607105721057)
(11.343026886565355, 9.514021883849313)
(11.311181270929339, 9.51462209739119)
(11.319052642807062, 9.533211568230954)
(11.410490888672024, 9.553018615112805)
(11.5894574179006, 9.636465446391671)
(11.695575172103977, 9.706741877665984)
(11.654263331464685, 9.698133100579671)
(11.684445498141796, 9.722330280796374)
(11.950168607608715, 9.832838168334602)
(12.012625113880322, 9.852233640216312)
(12.045962688891853, 9.836233662085778)
(12.077139495152638, 9.67458758077986)
(12.100564972244074, 9.388405764014195)
(12.081426734737455, 8.868586538834375)
(12.028162070135696, 8.474126199114586)
(11.956788105527671, 8.105183509403624)
(11.919729206556518, 7.988879273946725)
(11.91763703363913, 7.900167712457703)
(11.79848607109791, 7.492399781066644)
(11.627030785621931, 7.0684775309199965)
(11.596505639778039, 7.050711210080519)
(11.601084411654623, 7.004546214231215)
(11.570456372060695, 7.01027396631653)
(11.577710381438203, 6.960730625674392)
(11.541114504342211, 6.941798175667842)
(11.530413554338509, 6.886201252731944)
(11.54209199496755, 6.849296694385844)
(11.512818723082425, 6.847444606885204)
(11.493886273075875, 6.82624849437787)
(11.320287367807488, 6.511325023435597)
(11.32229379593318, 6.461473001543351)
(11.288870476129956, 6.437567353618414)
(11.252926259450854, 6.355869716090153)
(10.900309378078871, 5.927917460733779)
(10.81209513638169, 5.787210257560105)
(10.437853418543897, 5.415420840764824)
(10.404207162282255, 5.353753186576826)
(10.400537285197652, 5.310657854270252)
(10.31117406329174, 5.264046985504126)
(10.281746450781561, 5.226422170907778)
(10.240383163267252, 5.2267308521578855)
(10.261562126816242, 5.188248589644573)
(10.293682125785688, 5.181903475059045)
(10.379324023731984, 5.216029902154183)
(10.46597771022029, 5.302151970933975)
(10.497823325856306, 5.359806768870587)
(10.562526345670358, 5.392269747006816)
(10.672502615500068, 5.500462525169244)
(10.922603023919917, 5.7872274065184435)
(11.033042315624789, 5.95005676594977)
(11.172257559422945, 6.076959057660336)
(11.323374180308557, 6.279934128563885)
(11.358255161570622, 6.377940425472788)
(11.389774946998191, 6.37766604213936)
(11.398658107417932, 6.439230802577323)
(11.45190562306135, 6.507432209892584)
(11.473204629318719, 6.583367797418852)
(11.52854431787953, 6.68077388078588)
(11.563116617891492, 6.704851018294209)
(11.573337397061692, 6.742853109974022)
(11.61516370645116, 6.777871282902803)
(11.623498100204044, 6.8423856641751195)
(11.759026317959261, 7.075388561130722)
(11.772916974214066, 7.1446875017796945)
(11.806871911725812, 7.168901830954736)
(11.804934079433474, 7.220914621597729)
(11.844393832572127, 7.227276885141599)
(11.806134506517221, 7.322590795591237)
(11.853637121116991, 7.34049430809743)
(11.874936127374358, 7.372288476858428)
(11.90148271488354, 7.371585369566518)
(11.912149366970562, 7.485060026897439)
(11.941576979480743, 7.509480143572553)
(11.969358291990352, 7.59851753527002)
(12.000740885751211, 7.861513960360998)
(12.066695779524027, 8.092098854190764)
(12.078888688903245, 8.269744913627218)
(12.111111581622723, 8.335082444899818)
(12.103771827453519, 8.379258161581767)
(12.141928259758384, 8.373839090746559)
(12.135188719131053, 8.486644938702248)
(12.161941094140305, 8.518730639755017)
(12.126597091003081, 8.560093927269325)
(12.153709594137458, 8.63819028354634)
(12.169229401434492, 8.795103252350621)
(12.21861840145158, 10.054008284036112)
(12.485576235918929, 10.181870917413677)
(12.599102340124865, 10.262573915358262)
(13.090454294461505, 10.53325307378523)
(13.116846541345636, 10.567208011296977)
(13.156837912192804, 10.576811427966964)
(13.276228960150771, 10.676138194667992)
(13.34050325600634, 10.707760873845595)
(13.370068060183232, 10.750341737401994)
(13.400473163318749, 10.760219537405412)
(13.403114102902997, 10.794946178042423)
(13.388297402897873, 10.804652488462448)
(13.294389707032053, 10.758933365529966)
(13.159821830943836, 10.736656868647259)
(13.077232447581933, 10.702907718635586)
(12.79821889540208, 10.514612156070449)
(12.598467828666315, 10.404670184157416)
(12.570755111990062, 10.368040009144744)
(12.52753973697511, 10.366342262269157)
(12.427081139023691, 10.303028308080588)
(12.41363635568571, 10.287182670575106)
(12.419689937979468, 10.255079820564001)
(12.378944012965373, 10.259367060148818)
(12.212873500407925, 10.215843003883762)
(12.120011891000802, 10.234072346598401)
(12.08019200973703, 10.313403427875844)
(12.081392436820776, 10.377437638314662)
(12.049649714934795, 10.372018567479454)
(12.034627227429597, 10.388104290401685)
(12.020942358674864, 10.441163167503374)
(12.030545775344851, 10.477759044599367)
(12.005937020128007, 10.491478211270778)
(12.00910957742077, 10.521557484197851)
(11.97901315553536, 10.54980181858262)
(11.958777384695026, 10.775825089494143)
(11.853414184658577, 10.992193496860656)
(11.85967355445241, 11.095395928146358)
(11.7931527450544, 11.228283206317327)
(11.799086284639786, 11.291905841756002)
(11.751703712748393, 11.306876882386181)
(11.736715523159875, 11.378250846994206)
(11.68038119501539, 11.446160722017696)
(11.686726309600916, 11.465076023065908)
(11.619742478327744, 11.628539893955788)
(11.541954803300834, 11.7441067242041)
(11.51432783141628, 11.750280349206234)
(11.489530437657699, 11.889701380504466)
(11.440244331390653, 11.922507337807481)
(11.37279747824232, 12.020582230549739)
(11.334726790729151, 12.014631542006013)
(11.33937415843909, 12.056217765978731)
(11.296055889674106, 12.148204778510554)
(11.231850189651896, 12.208294728531342)
(11.217599405271963, 12.252796275421737)
(11.175773095882498, 12.271711576469944)
(11.172566240673053, 12.317550742110802)
(11.113093653152482, 12.425674924439873)
(11.052300595839784, 12.478939589041632)
(11.009565391658334, 12.56585050990503)
(11.003871937489697, 12.661987570354952)
(11.04794476042161, 12.711479464122073)
(11.179974590675616, 12.798613321443884)
(11.542623612676065, 12.958081485040715)
(11.689830271060323, 13.053995609032224)
(11.786276012760354, 13.08055934549975)
(11.862451685703371, 13.155157314275554)
(11.940719531563781, 13.170179801780751)
(11.992114959706557, 13.206449848668298)
(12.00725748992013, 13.195611706997882)
(12.371895791087939, 13.460786049797946)
(12.36940919212874, 13.434633888330568)
(12.411544182768319, 13.455932894587935)
(12.45074670153188, 13.49297464460075)
(12.45349053486616, 13.5254033248203)
(12.612701464087905, 13.60337963838894)
(12.687265134947031, 13.675508157163893)
(12.741593034965828, 13.678286288414851)
(12.767453664141437, 13.714779271760811)
(12.813292829782293, 13.698436314463493)
(12.871633586052475, 13.723576687388853)
(13.164486347612115, 13.940185180172119)
(13.178205514283526, 14.001887132276796)
(13.315723011206098, 14.047657702084297)
(13.381043393520365, 14.141788334408524)
(13.46143771021484, 14.209835401098731)
(13.628708649856039, 14.323001377179544)
(13.739422324894337, 14.374379656363985)
(13.822046006172918, 14.270508415703054)
(13.833004190551707, 14.194281295885018)
(13.8416472655547, 13.729544524890917)
(13.82346936971508, 13.327538643501851)
(13.849638680140796, 13.341326406006623)
(13.840618328054344, 13.18148096532633)
(13.871177771814914, 13.131937624684188)
(13.866135978063168, 13.007676272557871)
(13.894603248906352, 13.033434007983448)
(13.89858180724106, 13.020332203812247)
(13.89275116140571, 12.976448019422067)
(13.869034152022506, 12.960808169416655)
(13.876288161400016, 12.874531760011811)
(13.847992380140225, 12.90279324335492)
(13.839194964512183, 12.894304508976985)
(13.874710457232801, 12.838107372499211)
(13.874710457232801, 12.771432222476147)
(13.903503558284429, 12.761400081847675)
(13.866341765563243, 12.723466586001221)
(13.89304269369748, 12.498060677589914)
(13.905990157243624, 12.110974389956006)
(13.901531428075414, 11.320133027182434)
(13.882067360360347, 11.183695914635237)
(13.51910965710979, 10.932034951006514)
(13.431907203954625, 10.8085624509638)
(13.437926488331708, 10.788652510331914)
(13.467216909175171, 10.820035104092769)
(13.518612337317952, 10.822658894718677)
(13.547182501911168, 10.862187243690682)
(13.589849110259262, 10.869715636401622)
(13.872721178065447, 11.057856858341706)
(13.953921495801872, 11.152416214624417)
(14.002710282277084, 11.275168458416879)
(14.024746693743037, 11.439695564723793)
(14.014543063531173, 11.845954387780996)
(13.975066161434185, 12.084564994113538)
(13.98847664685549, 12.219510147285222)
(13.97870174060211, 12.781412916229598)
(13.963010443721682, 13.032422219441433)
(13.944232334340185, 13.140820785103928)
(13.924939756208511, 13.168687842405236)
(13.960009376012312, 13.17443274344889)
(13.923070519749533, 13.22555378825824)
(13.908768288494585, 13.279847390360354)
(13.957076904136295, 13.58218352588161)
(13.90671041349387, 14.272772078203838)
(13.892116649947157, 14.388338908452148)
(13.867130617646845, 14.45389937618316)
(13.826298947841057, 14.484064393901928)
(13.692691413419839, 14.489226230362046)
(13.611971266516914, 14.44199799909571)
(None, None)
(13.875636500983124, 13.998268702067211)
(None, None)
(13.863495038478922, 13.999091852067496)
(13.869702961397737, 14.041655566665552)
(13.875636500983124, 13.998268702067211)
(None, None)
(13.875636500983124, 13.205129378876174)
(None, None)
(13.872052368690216, 13.26364162472975)
(13.875636500983124, 13.205129378876174)
(None, None)
(10.848845354102735, 12.570617920323345)
(None, None)
(11.10494789794133, 12.255660151464394)
(11.154113961500002, 12.217332229576131)
(11.216193190688147, 12.0873431253645)
(11.246821230282077, 12.051741887852184)
(11.301149130300868, 12.02828211284407)
(11.304544624052044, 12.012693709713675)
(11.268085938622761, 12.015643330548029)
(11.273230626124544, 11.99321249304027)
(11.367635641782199, 11.897847135715615)
(11.372540243867231, 11.853465631533597)
(11.450842387644318, 11.711558001276172)
(11.4666880251498, 11.69811321793819)
(11.498790875160905, 11.704166800231947)
(11.530756533505294, 11.56591189810079)
(11.641864634585396, 11.338259476147039)
(11.639086503334434, 11.27235602924924)
(11.759557935667777, 11.005295301031856)
(11.890918956546553, 10.509759000860436)
(11.89194789404691, 10.3761000195642)
(11.98532397220421, 10.320228713294872)
(11.980865243036, 10.252524625771452)
(12.010344302421199, 10.120254710100696)
(11.88536269404463, 9.95017134129186)
(11.637543097083903, 9.818793171454743)
(11.61166531894995, 9.79459599123804)
(11.60538880019778, 9.758977604767386)
(11.507193864747146, 9.716516783919364)
(11.267571469872584, 9.519938274476361)
(11.112510588568945, 9.468800080708672)
(10.728699751977839, 9.254712484801278)
(10.575696745674911, 9.15212741601579)
(10.551156586291425, 9.100423306622906)
(10.5087815102351, 9.094335426412467)
(10.394912426862374, 9.012260511800742)
(10.350582369555372, 8.966695729493313)
(10.340515931010223, 8.925761165937484)
(10.261716467441296, 8.903604711763155)
(10.072597754875876, 8.788586648181699)
(9.913969890237667, 8.723557798159204)
(9.748310952680363, 8.630541848127027)
(9.451188100494246, 8.444304160562602)
(9.415998437982072, 8.414602164718996)
(9.415689756731968, 8.391828348044449)
(9.257713552510653, 8.301350443846484)
(9.180131664983813, 8.22020157298508)
(9.038584162851517, 8.16597656671632)
(8.91586621697573, 8.083147097937667)
(8.869564029459713, 8.079905944811546)
(8.750138683585066, 7.989719572905348)
(8.728188016910806, 7.9481504978909685)
(8.659180608553601, 7.933505287469235)
(8.687424942938371, 7.895846174956209)
(8.623973797083089, 7.886722929119719)
(8.550970681432837, 7.839649038478435)
(8.539995348095704, 7.847297473897748)
(8.458640689734231, 7.782920284292144)
(8.442366328270268, 7.663632130084212)
(8.401003040755956, 7.579670830055168)
(8.399099506380297, 7.321921986216004)
(8.378863735539966, 7.244803120564327)
(8.40587334492431, 7.145099076779837)
(8.443309520978927, 6.736988166221993)
(8.419232383470598, 6.130275169137113)
(8.405118790757381, 4.41628823000253)
(8.262713840708118, 4.323478067470424)
(7.720703863437287, 4.2045843393042945)
(7.001236465271737, 4.1500335028270925)
(6.150030769143949, 4.25704300286411)
(6.038802625355469, 4.257385982030895)
(6.017074895139623, 4.286419168499271)
(5.816620721111946, 4.29111798308423)
(5.745555437754028, 4.311559541424635)
(5.707004579407359, 4.360502668524898)
(5.6940742648195535, 4.447310695638261)
(5.700024953363279, 4.723185988442027)
(5.650567357512836, 4.789278073881557)
(5.65379136168062, 4.802276984302722)
(5.684110720024439, 4.7843734717965285)
(5.682258632523798, 4.977299253113268)
(5.707330409615805, 4.973457886445271)
(5.712989565867765, 5.014272407292722)
(5.70978271065832, 5.116634539619801)
(5.701482614822117, 5.129290470874178)
(5.683990677316066, 5.103395543781886)
(5.678983181480998, 5.136047160459848)
(5.6824129731488515, 7.372871541441962)
(5.663429076267286, 7.575983804012226)
(5.581937226239096, 7.574749079011799)
(5.560535326231692, 7.550260366503327)
(5.54441530539278, 7.31994985600699)
(5.555047659563128, 7.001150720480041)
(5.582863269989414, 6.876357750645204)
(5.553349912687537, 6.81410703187367)
(5.550125908519758, 6.761476878730464)
(5.569092656442986, 6.647573497441061)
(5.592312346034352, 6.609742895344641)
(5.527454985595247, 6.460375468209638)
(5.533491418930669, 5.957585158660708)
(5.575540664778549, 5.567412058525736)
(5.6257013679209, 5.402576270968716)
(5.627793540838292, 5.510889091839516)
(5.646777437719859, 5.494889113708981)
(5.649229738762374, 5.446734838692324)
(5.574683216861587, 5.1341950729592085)
(5.579313435613187, 4.933912388514923)
(5.623249066878385, 4.601291192566528)
(5.598794652286593, 4.494899055029722)
(5.573397044986141, 4.4613042456431025)
(5.470040273075385, 4.438599024801915)
(5.300111244891605, 4.461784416476602)
(5.096330172946111, 4.521188408163817)
(4.8914172697502245, 4.6071389873602175)
(4.519233426913142, 4.828617784311833)
(4.173030255960045, 5.072373078146155)
(4.103268293435913, 5.097513451071519)
(4.025789299659114, 5.089659228152134)
(4.051152609042885, 5.129667747957642)
(4.034415225703764, 5.18015428130844)
(3.8865912048192914, 5.2921369792638435)
(3.781022217282773, 5.416072501181716)
(3.5013227067693515, 5.579827904363365)
(3.4908275442657195, 5.643656327302112)
(3.450356002585054, 5.693079625235875)
(3.0622064795341153, 6.077987995160693)
(2.94717126699432, 6.172410159776689)
(2.906631129480297, 6.182785279571945)
(2.9019151659369995, 6.2341292608397065)
(2.799227203401476, 6.439488036952412)
(2.622318549173611, 6.702913186001873)
(2.516115050178539, 6.82206414854309)
(2.5008696262149317, 6.959650241299017)
(2.5286166408078645, 7.016070314235202)
(2.699077286700164, 7.1263724142733595)
(2.743664578382255, 7.181729251792508)
(2.8412078534159977, 7.181420570542401)
(3.5500257484528643, 7.650170197787889)
(3.6315175984810537, 7.723670633229981)
(3.6849194547495276, 7.801183924923461)
(3.830171131883108, 7.8772910020331235)
(3.9010992235743105, 7.949213733308003)
(3.9940122798564537, 7.9793101551934145)
(4.069673484049295, 8.041183596881485)
(4.236721487232081, 8.124956258368798)
(4.663473315504707, 8.410915138676053)
(4.830504169729154, 8.489834644953351)
(4.885260793706429, 8.569577301230936)
(5.030272385423258, 8.691472097106438)
(5.154585184424595, 8.752779623169312)
(5.948530508657576, 9.275891448350272)
(6.667963608906449, 9.838651665211614)
(7.544704104001406, 10.377677723731413)
(7.745655597820922, 10.531469582117946)
(8.05479986980286, 10.724395363434684)
(8.456617112650195, 11.005466790615248)
(8.652938387718109, 11.098688528147497)
(8.790507331515698, 11.219520088605963)
(9.009825359716565, 11.349783576151022)
(9.255587081676584, 11.539948375175141)
(9.602527657838266, 11.737092800243339)
(9.9287008454511, 11.979784858660627)
(10.293030465368796, 12.301687955646981)
(10.78433097283042, 12.56892017344776)
(10.817325568675166, 12.581661849493832)
(10.848845354102735, 12.570617920323345)
(None, None)
(5.6441364981356115, 5.852513490916028)
(None, None)
(5.631995035631411, 5.853336640916313)
(5.638202958550226, 5.895900355514369)
(5.6441364981356115, 5.852513490916028)
(None, None)
(5.6441364981356115, 5.723896303371536)
(None, None)
(5.631995035631411, 5.72471945337182)
(5.638202958550226, 5.767283167969877)
(5.6441364981356115, 5.723896303371536)
(None, None)
(5.6441364981356115, 5.552406719978879)
(None, None)
(5.640552365842704, 5.610918965832454)
(5.6441364981356115, 5.552406719978879)
(None, None)
(5.6655726960596935, 4.566341615471104)
(None, None)
(5.653431233555493, 4.567164765471389)
(5.659639156474308, 4.609728480069446)
(5.6655726960596935, 4.566341615471104)
(None, None)
(8.409406030342197, 4.163341094498361)
(None, None)
(8.41264718346832, 4.115804181981916)
(8.445676077229745, 4.0603615996710705)
(8.408497135550213, 3.9979393913161445)
(8.384865870958707, 3.751851839147682)
(8.385963404292422, 3.6336955161901416)
(8.411652543884642, 3.5021115588529566)
(8.394383542837001, 2.5394376335199396)
(8.401654701172848, 2.504728141841266)
(8.435112318892756, 2.5003208595480744)
(8.361217457408863, 2.1727929042264402)
(8.323232514687387, 2.1458347417171146)
(8.260038603207192, 2.136985879214054)
(7.9229072312155715, 2.153534624011445)
(7.386213431029913, 2.0978005094088314)
(7.087975896551743, 2.1411359271321557)
(5.7927836690203645, 2.186512070897853)
(5.672569471062112, 2.2182890907005124)
(5.648835312720569, 2.286850626140896)
(5.627793540838292, 2.4767067439149066)
(5.624569536670508, 2.715728925247591)
(5.6763422418967515, 3.3762039067260683)
(5.689152513776184, 4.1268995580274215)
(5.7093882846165185, 4.1550238497038166)
(6.006957009719454, 4.151319674702536)
(6.38234770776598, 4.082775288220492)
(6.518767671354837, 4.116472991357149)
(6.661121174529084, 4.079122560094229)
(6.823538958960265, 4.060567387171141)
(7.227705609100082, 4.041772128831306)
(7.664506726959517, 4.06461454133921)
(8.276741688629636, 4.1967987122182695)
(8.402152020964689, 4.201154547636443)
(8.409406030342197, 4.163341094498361)
(None, None)
(5.6441364981356115, 3.7732022922800676)
(None, None)
(5.631995035631411, 3.7740254422803527)
(5.638202958550226, 3.8165891568784094)
(5.6441364981356115, 3.7732022922800676)
(None, None)
(5.579827904363365, 3.1622706514437287)
(None, None)
(5.576243772070458, 3.244602800430544)
(5.579827904363365, 3.1622706514437287)
(None, None)
(2.986047955549436, 9.376624429635118)
(None, None)
(2.9434499430346994, 9.338502295246933)
(2.9421294732425762, 9.314545200446977)
(2.8063268721539316, 9.252243034800424)
(2.7039475908685153, 9.164714751436813)
(2.659497490853139, 9.153139204557808)
(2.2790992969715482, 8.900963772178908)
(2.1071638406620714, 8.737825731497473)
(2.169980475058802, 8.72640452524352)
(2.20482715840419, 8.765229766923618)
(2.261418720923766, 8.767956451299561)
(2.359167783457581, 8.812921020065119)
(2.3980101740960174, 8.842657313825406)
(2.4252770178554486, 8.89436142321829)
(2.4949703845462254, 8.923891929478506)
(3.0502536555716473, 9.272718891057508)
(3.115385399344178, 9.335518376495898)
(3.115282505594141, 9.393224621307528)
(3.0706266180786947, 9.413940562981361)
(2.986047955549436, 9.376624429635118)
(None, None)
(2.9474627992860882, 8.476304116823673)
(None, None)
(2.918755443026158, 8.42027846992929)
(2.967561378459708, 8.36708240116089)
(2.8512571430028077, 8.354083490739725)
(2.7046849960771038, 8.245890712577298)
(2.6265886398000884, 8.219498465693167)
(2.42898119285673, 8.067833078140705)
(2.409242741808236, 8.032111797920013)
(2.376488231380239, 8.033500863545493)
(2.3357423063661424, 7.985500929153889)
(2.291669483434231, 7.966225499980554)
(2.218632069867298, 7.8482235176480675)
(2.384633986591389, 7.926765746841905)
(2.489877143919463, 8.013385135413536)
(2.7962775825671216, 8.202520996937295)
(3.061126095158742, 8.393560392836715)
(3.1703992576965416, 8.508458413709796)
(3.144332841020858, 8.530632016842466)
(3.0407531326516946, 8.528368354341682)
(2.9474627992860882, 8.476304116823673)
(None, None)
(8.527305118924648, 4.988634714575521)
(None, None)
(8.538023217886689, 4.962911277066622)
(8.534439085593782, 5.031644302090399)
(8.527305118924648, 4.988634714575521)
(None, None)
(None, None)
