START
(15.12804578947002, 24.94959053178684)
PEN DOWN
(15.122684782533064, 24.908702852013935)
(15.118764046116487, 24.827727642757246)
(15.116523625307012, 24.71518650459564)
(15.116203565191372, 24.579601038108024)
(15.118043910856297, 24.429492843873284)
(15.118043910856297, 24.429492843873284)
(15.120444361723589, 24.25816066322022)
(15.12164458715724, 24.061023635743755)
(15.12164458715724, 23.854284804798116)
(15.120444361723589, 23.65414721373753)
(15.118043910856297, 23.47681390591624)
(15.118043910856297, 23.47681390591624)
(15.118003903341844, 23.299740646938897)
(15.120724414324776, 23.100223172352372)
(15.125965398718366, 22.894224480424143)
(15.133486811435883, 22.697707569421727)
(15.143048607390604, 22.52663543761263)
(15.143048607390604, 22.52663543761263)
(15.151970283114043, 22.325657688748493)
(15.160411868664024, 22.04582512889377)
(15.167893273867088, 21.71270255978514)
(15.17393440854978, 21.35185478315927)
(15.178055182538632, 20.988846600752833)
(15.178055182538632, 20.988846600752833)
(47.772470215931904, 9.346304446942527)
(35.17677105953562, 31.33630294094274)
(28.821432585533746, 41.24874510081466)
(24.888821560091703, 46.991443709901986)
(22.969816762853412, 49.66056264606714)
(22.969816762853412, 49.66056264606714)
(22.394046333800524, 50.438592521106784)
(21.729399295235105, 51.3456530602856)
(21.032799834077938, 52.300343509115784)
(20.358642081478006, 53.227339552007166)
(19.75900032758852, 54.057022691071225)
(19.75900032758852, 54.057022691071225)
(19.431542243555793, 54.51311237847473)
(19.105759520286167, 54.965038058374674)
(18.781601776347813, 55.4128967127345)
(18.45902065047317, 55.856781272180314)
(18.13796968797684, 56.296780843315766)
(18.13796968797684, 56.296780843315766)
(17.813210266664555, 57.85463573400114)
(17.520377460177887, 59.36215999974886)
(17.25786663494903, 60.822745126854514)
(17.024291311632815, 62.23934444189987)
(16.81844724793948, 63.614544563889154)
(16.81844724793948, 63.614544563889154)
(16.54589557231066, 65.7513139714643)
(16.364392054476923, 67.61642649187056)
(16.262759074542693, 69.12189727547923)
(16.22308460753354, 70.18748244809667)
(16.226796706066597, 70.7326044548941)
(16.226796706066597, 70.7326044548941)
(16.242044493852237, 71.99323220800696)
(16.270745131824693, 74.42354190978851)
(16.43211258537633, 77.42798865798513)
(16.782431540845614, 80.4979694102187)
(17.28131072687594, 83.24554452265102)
(17.28131072687594, 83.24554452265102)
(17.48844572688341, 84.10469366875577)
(17.69331852495161, 84.80275338815336)
(17.88793603444167, 85.34771467503482)
(18.065690043621753, 85.74594887835009)
(18.221356616213214, 86.00226005929946)
(18.221356616213214, 86.00226005929946)
(18.37590857698298, 86.23233724187823)
(18.528314436636443, 86.52932841629642)
(18.687588145332914, 86.90851636248009)
(18.864013005142816, 87.38377136698014)
(19.069563598317014, 87.96711083361637)
(19.069563598317014, 87.96711083361637)
(19.416129644615566, 88.88004000583753)
(19.71196928966562, 89.53593145053595)
(19.9772326743988, 90.01377106225883)
(20.240358320880084, 90.38333777730853)
(20.53529063398589, 90.70819825773606)
(20.53529063398589, 90.70819825773606)
(20.692519363052497, 90.86731924382906)
(20.827155809798636, 91.0377938610323)
(20.937667017556638, 91.21649859087584)
(21.02243580153939, 91.40037300688319)
(21.07977518397869, 91.58639859514395)
(21.07977518397869, 91.58639859514395)
(21.19090654376396, 91.88446683510966)
(21.41663838709929, 92.085838741998)
(21.815759196779567, 92.2084239962985)
(22.450046231397852, 92.26433000761936)
(23.385784634172367, 92.25614912276468)
(23.385784634172367, 92.25614912276468)
(23.917790906299118, 92.22113738983795)
(24.329559595925417, 92.15536458660134)
(24.69370030354302, 92.03923169009236)
(25.08435850396623, 91.84944585194668)
(25.576558032218813, 91.55976261299872)
(25.576558032218813, 91.55976261299872)
(26.48270551581259, 90.95644265480242)
(27.402105051643318, 90.2584358099884)
(28.30415929444802, 89.4912137345138)
(29.158589494896457, 88.68183259808086)
(29.93543961832333, 87.85873602006001)
(29.93543961832333, 87.85873602006001)
(30.273702232836087, 87.4766994881011)
(30.58633609196312, 87.113212270422)
(30.852709122577707, 86.79382547207152)
(31.05215000036468, 86.5444285830993)
(31.16395805174428, 86.39103587892563)
(31.16395805174428, 86.39103587892563)
(31.228050170672734, 86.29539820982248)
(31.295024589629858, 86.20567379359267)
(31.360194801248298, 86.12742302179055)
(31.418876707058075, 86.06622473527692)
(31.466390356798385, 86.02767096108582)
(31.466390356798385, 86.02767096108582)
(31.73365849276568, 85.79210271606594)
(32.17302279216063, 85.24237248405197)
(32.79307591199582, 84.36379862025146)
(33.60394042340717, 83.13797992032096)
(34.6177020362224, 81.5418788419082)
(34.6177020362224, 81.5418788419082)
(35.4979150170114, 80.1215816431133)
(36.057831334680714, 79.19967664823004)
(36.36107885351215, 78.67169396854632)
(36.47413091590276, 78.42443025459009)
(36.46510910459691, 78.3398299014394)
(36.46510910459691, 78.3398299014394)
(36.43727981446616, 78.29518876894174)
(36.43373715905785, 78.25704051193762)
(36.461008643262296, 78.21577282550216)
(36.525680758239375, 78.16164769235884)
(36.63439279445863, 78.08477027975152)
(36.63439279445863, 78.08477027975152)
(36.75124660104871, 78.03359431861672)
(36.879077379314566, 78.03495793104358)
(37.0269942612368, 78.09327276859678)
(37.20461195361613, 78.21223432815117)
(37.42225591631729, 78.39453429698877)
(37.42225591631729, 78.39453429698877)
(37.598642024419846, 78.54133797851243)
(37.765547569270495, 78.65537038304137)
(37.91075527058908, 78.73240076261138)
(38.021920575504254, 78.76844848758128)
(38.08677933041044, 78.75947816285121)
(38.08677933041044, 78.75947816285121)
(38.57330412235219, 78.03941804899392)
(39.62546888397926, 76.3118593040348)
(41.071045006634066, 73.85271441407296)
(42.73700345177618, 70.94499105977215)
(44.43955783677084, 67.90096296204509)
(44.43955783677084, 67.90096296204509)
(47.0486744423563, 62.99268914633486)
(49.20668133752745, 58.54662972507985)
(50.94932734271573, 54.49833399894982)
(52.325517964270055, 50.749130840003026)
(53.40453746575633, 47.15559701683038)
(53.40453746575633, 47.15559701683038)
(53.55247349179283, 46.63502692279013)
(53.70811571084885, 46.111260124913336)
(53.86140733503986, 45.61869507029643)
(54.00141500845504, 45.19330037105708)
(54.11656139456267, 44.87222140433668)
(54.11656139456267, 44.87222140433668)
(54.36123521828048, 44.12193394388005)
(54.61347715751277, 43.169067962258545)
(54.839914204343074, 42.183409902130066)
(54.99684643073561, 41.35295423479531)
(55.03034052196795, 40.883794804879194)
(55.03034052196795, 40.883794804879194)
(55.01739426473892, 40.73348399054697)
(55.02371769187974, 40.50276184692917)
(55.04876139522754, 40.21092458772299)
(55.091652270826074, 39.877822727473436)
(55.15101018247999, 39.52418918327189)
(55.15101018247999, 39.52418918327189)
(55.23128597237054, 38.931962932435496)
(55.23622163240114, 38.44541947013897)
(55.16515615752254, 38.07229997003287)
(55.0175679591106, 37.81992231210511)
(54.79317803641312, 37.69499279648293)
(54.79317803641312, 37.69499279648293)
(54.71952539390917, 37.66173308322234)
(54.63446463381367, 37.59078581214481)
(54.54538902310296, 37.49018610808559)
(54.45943306543704, 37.36845704767182)
(54.38335189116706, 37.23482599305238)
(54.38335189116706, 37.23482599305238)
(54.098099253677574, 36.958093796917545)
(53.67658612937403, 36.900916931397944)
(53.15158301755944, 37.05361175463371)
(52.55501481460575, 37.408310878319845)
(51.9181383026852, 37.958911864524424)
(51.9181383026852, 37.958911864524424)
(51.01120507432188, 38.87263872725005)
(50.08131985069348, 39.82449340141394)
(49.23311719983244, 40.70512659267608)
(48.56441664987641, 41.421012862328865)
(48.16945991319202, 41.887165740751755)
(48.16945991319202, 41.887165740751755)
(48.035828569171656, 42.06891791950222)
(47.87063584402521, 42.28893165614721)
(47.68725808666996, 42.529257676170346)
(47.49889059019925, 42.7723560058739)
(47.318524358928606, 43.00115320591334)
(47.318524358928606, 43.00115320591334)
(46.65398981327363, 43.865058832017986)
(45.948199319292684, 44.83036218118048)
(45.219161824155755, 45.870657262658284)
(44.48399656154192, 46.961648042611)
(43.758931101945386, 48.08116339226483)
(43.758931101945386, 48.08116339226483)
(43.53964382515528, 48.4207033091229)
(43.30362085363495, 48.78236149079263)
(43.07012065098532, 49.13632208406441)
(42.85802035409941, 49.4536319298825)
(42.68588792331738, 49.7060478046647)
(42.68588792331738, 49.7060478046647)
(42.19135815893614, 50.444388313993365)
(41.574994340433776, 51.40563218422206)
(40.747132058294746, 52.73084087978955)
(39.6264945614335, 54.542117989091686)
(38.14266857799469, 56.93625258285645)
(38.14266857799469, 56.93625258285645)
(37.2972363702013, 58.28366848443011)
(36.5576767141434, 59.44679624253524)
(35.9657220334701, 60.36509138227098)
(35.5627850265672, 60.97918276974064)
(35.391031909200805, 61.2282034877779)
(35.391031909200805, 61.2282034877779)
(35.24881800734805, 61.438055360826134)
(34.931154805136835, 61.9361071578253)
(34.47708857578661, 62.65931652293025)
(33.92565674577135, 63.54469069620023)
(33.31513135705954, 64.53108389788832)
(33.31513135705954, 64.53108389788832)
(32.557262727930166, 65.74208228016872)
(31.61562141708971, 67.22879174670784)
(30.576750512678437, 68.84927167232533)
(29.5227633483584, 70.47247908614794)
(28.53161159256917, 71.97835824298343)
(28.53161159256917, 71.97835824298343)
(27.280966597040287, 73.8509710801049)
(26.460083643333867, 75.05612832092092)
(25.970811945465808, 75.74836271418552)
(25.721078383881988, 76.0646266034441)
(25.621773626230844, 76.13285362059014)
(25.621773626230844, 76.13285362059014)
(25.602307912475165, 75.96842157379172)
(25.88017594462112, 75.4278525328506)
(26.574320402154285, 74.31700592820485)
(27.81103709238663, 72.41940297020817)
(29.732665534514787, 69.47420210083395)
(29.732665534514787, 69.47420210083395)
(33.29628218434345, 63.92922340941191)
(36.66451877090913, 58.60866971526701)
(39.66396530226815, 53.824456148057614)
(42.06967420719925, 49.99548222183226)
(43.60994568445802, 47.633692449100074)
(43.60994568445802, 47.633692449100074)
(43.850528815823175, 47.28261873014363)
(44.126984404014955, 46.86942587692923)
(44.41797740116497, 46.426717919720794)
(44.701650490603754, 45.98827739417374)
(44.95555629511002, 45.58919641779425)
(44.95555629511002, 45.58919641779425)
(45.848505627255264, 44.25462037571392)
(46.97410904635262, 42.70214561763925)
(48.193817821067526, 41.100202009372744)
(49.3558697205889, 39.64782525144849)
(50.29270251137773, 38.579974309158146)
(50.29270251137773, 38.579974309158146)
(51.53606321006189, 37.298054597716366)
(52.6824039746827, 36.1460800747984)
(53.63223394728836, 35.23062909334348)
(54.278640894898615, 34.67453357669341)
(54.51346168164156, 34.60319629373489)
(54.51346168164156, 34.60319629373489)
(54.536302901684834, 34.65115988919555)
(54.602179261294076, 34.692532571821424)
(54.703259215088, 34.724945081889246)
(54.83165691504617, 34.74611665322058)
(54.979304769757064, 34.75411228460676)
(54.979304769757064, 34.75411228460676)
(55.135068220260834, 34.77535417035398)
(55.286750095703766, 34.843950403151204)
(55.42427936732778, 34.94967987682009)
(55.536946978689976, 35.08353744864119)
(55.61338821494621, 35.23774599242869)
(55.61338821494621, 35.23774599242869)
(55.680791781837655, 35.412541248917506)
(55.77115132389474, 35.59930173708862)
(55.87935635522234, 35.77870759130958)
(55.99947844600433, 35.93293614696449)
(56.12477628136329, 36.045660594193)
(56.12477628136329, 36.045660594193)
(56.276406551820024, 36.20986954206635)
(56.36347627743309, 36.39648848153141)
(56.389725873136044, 36.65719637502232)
(56.36107632831078, 37.03961449545035)
(56.286082210269, 37.58654176264866)
(56.286082210269, 37.58654176264866)
(56.21921742599917, 38.01266495342107)
(56.1602802123596, 38.436520416554806)
(56.113146704773264, 38.827294233207496)
(56.080687038790195, 39.15596553108052)
(56.0650594989175, 39.39476936548624)
(56.0650594989175, 39.39476936548624)
(55.973606940290054, 40.0196891114739)
(55.80692378287213, 40.82558852080968)
(55.589036132350486, 41.72529500706359)
(55.33972042815145, 42.639221700867225)
(55.07449789979447, 43.495349132674505)
(55.07449789979447, 43.495349132674505)
(54.927068296030974, 43.94083694234027)
(54.752908046196595, 44.4942715523613)
(54.56856923084264, 45.10378576211112)
(54.3892096641193, 45.720044846817544)
(54.22842297946122, 46.2965121749653)
(54.22842297946122, 46.2965121749653)
(53.80341466698746, 47.74621725831969)
(53.24995182540376, 49.453222344443496)
(52.6334556094055, 51.24058247536879)
(52.0064123542487, 52.954320747066)
(51.41050119966291, 54.459415063539126)
(51.41050119966291, 54.459415063539126)
(50.871736663788084, 55.716170037485796)
(50.20570985209047, 57.20956538653256)
(49.46397464322427, 58.82973198374297)
(48.69296262125919, 60.47645227733751)
(47.93408516362252, 62.059024282313736)
(47.93408516362252, 62.059024282313736)
(46.59037875725391, 64.64622518224907)
(44.48555402193873, 68.53107294707378)
(42.14845365274435, 72.7288213122579)
(40.027279904085155, 76.42816918150659)
(38.51727297675798, 78.94366390135757)
(38.51727297675798, 78.94366390135757)
(38.42448204349423, 79.09677507076988)
(38.331140295646314, 79.25630905130446)
(38.243948978478215, 79.41026876296183)
(38.169577549120255, 79.54673354527152)
(38.11466802637518, 79.65384290217699)
(38.11466802637518, 79.65384290217699)
(38.04060588401355, 79.76098243036495)
(37.93409221475862, 79.81485079921752)
(37.775663510441774, 79.81170487033324)
(37.54673291275343, 79.74644876462631)
(37.23013682352841, 79.61179830086083)
(37.23013682352841, 79.61179830086083)
(37.08348535915982, 79.54449900341478)
(36.937717165218636, 79.47578923099296)
(36.792836052547194, 79.40566794481822)
(36.648845827427685, 79.33413407337277)
(36.505750291639416, 79.26118651166078)
(36.505750291639416, 79.26118651166078)
(36.407117445799756, 79.41982347843175)
(36.308580015876636, 79.57818076458838)
(36.210137033721665, 79.7362600084074)
(36.11178753862305, 79.8940628320001)
(36.01353057719515, 80.05159084152665)
(36.01353057719515, 80.05159084152665)
(35.807949361015545, 80.38667652791521)
(35.52835422499384, 80.84820457030273)
(35.20078636054407, 81.39138031976934)
(34.85101893508067, 81.97213195377425)
(34.504469845187735, 82.54735805613295)
(34.504469845187735, 82.54735805613295)
(34.017655207909826, 83.35378252663928)
(33.628502782908, 83.96508823628687)
(33.250214238078236, 84.50825696620356)
(32.79698705932063, 85.10673049520693)
(32.183705349695046, 85.88030754452953)
(32.183705349695046, 85.88030754452953)
(30.768048505623483, 87.57661030003318)
(29.507041656271543, 88.96759657319463)
(28.339115000870912, 90.12345492609244)
(27.204180084110845, 91.10720159808771)
(26.043258927832866, 91.97584579189763)
(26.043258927832866, 91.97584579189763)
(25.33039416700234, 92.44033798510664)
(24.703150279686927, 92.7617825019108)
(24.086415287856266, 92.96718079770511)
(23.406811629545576, 93.07853064991589)
(22.59390039114083, 93.11142494734749)
(22.59390039114083, 93.11142494734749)
(21.785901281011295, 93.07625308992488)
(21.19832280585797, 92.97921710745018)
(20.799852753000184, 92.82111255108778)
(20.56136948245138, 92.59781226951749)
(20.455390930553595, 92.30168776532716)
(20.455390930553595, 92.30168776532716)
(20.414903197470704, 92.1147841542226)
(20.346016188608736, 91.9476818569693)
(20.243559625265583, 91.7907988446529)
(20.10264804173592, 91.63418599790013)
(19.918761116937656, 91.46741743165227)
(19.918761116937656, 91.46741743165227)
(19.734754013948407, 91.2830801145143)
(19.538347842296037, 91.0241982003961)
(19.337076676862686, 90.6981880428973)
(19.13823691854726, 90.31276936344183)
(18.948715765320653, 89.8761328520703)
(18.948715765320653, 89.8761328520703)
(18.786005954277112, 89.4733586539186)
(18.630381729622357, 89.0821342454312)
(18.491774568687617, 88.7316835585721)
(18.37889862599516, 88.45257283380592)
(18.29977881581187, 88.27614214225308)
(18.29977881581187, 88.27614214225308)
(18.181751846169636, 88.03965981807849)
(17.97065401263967, 87.59393231122802)
(17.697604977214915, 86.97551225176461)
(17.393004863182497, 86.22176486208502)
(17.084123437040102, 85.37359458103516)
(17.084123437040102, 85.37359458103516)
(16.65463794840494, 83.96610690647357)
(16.379978329935057, 82.81993285675131)
(16.197121987914965, 81.76829763417963)
(16.067597164367612, 80.6161876226945)
(15.974978863447076, 79.14271058291389)
(15.974978863447076, 79.14271058291389)
(15.942279195906874, 78.32359092977107)
(15.91054374860914, 77.6546360341444)
(15.85923899198233, 76.90702184072987)
(15.782948013562326, 75.83337348183952)
(15.702007078498825, 74.15387265860413)
(15.702007078498825, 74.15387265860413)
(15.672619645544618, 73.33669338648392)
(15.650294514825966, 72.60718766019048)
(15.631938699275956, 72.01660002589482)
(15.61321669799258, 71.61789504748185)
(15.590024910272348, 71.46381445774026)
(15.590024910272348, 71.46381445774026)
(15.576442325351483, 71.18941787262155)
(15.593951803095703, 70.43110943349609)
(15.655005651346201, 69.25679716703117)
(15.774478724838485, 67.73046021352256)
(15.964865831147053, 65.91825341136337)
(15.964865831147053, 65.91825341136337)
(16.215318443011206, 63.98244190300339)
(16.496386787824132, 62.10748418274141)
(16.775383401732135, 60.43763274679048)
(17.008424062032837, 59.134970000957786)
(17.14589590173081, 58.371524874385116)
(17.14589590173081, 58.371524874385116)
(17.321005536728183, 57.45072515046655)
(17.5818033803153, 56.6915783841739)
(18.103130242860583, 55.79200540080342)
(19.072126493674247, 54.42333840462832)
(20.697157857623683, 52.2061162840372)
(20.697157857623683, 52.2061162840372)
(24.40735342057047, 47.003980149690335)
(29.85863043882841, 38.94040176395429)
(36.59948616499982, 28.2327215275959)
(44.554094971913045, 14.477370496639983)
(15.328083361744465, 19.85113290844193)
(15.328083361744465, 19.85113290844193)
(15.325082798160347, 19.888639953243388)
(15.322082234576232, 19.926146998044846)
(15.319081670992114, 19.963654042846304)
(15.316081107408, 20.001161087647766)
(15.313080543823881, 20.038668132449224)
(15.313080543823881, 20.038668132449224)
(15.335084676774068, 20.052670762508434)
(15.35708880972426, 20.066673392567647)
(15.379092942674447, 20.080676022626854)
(15.401097075624639, 20.094678652686067)
(15.423101208574826, 20.108681282745277)
(15.423101208574826, 20.108681282745277)
(15.479011710025535, 20.140607279280278)
(15.566128072751056, 20.188256228996053)
(15.67604871871586, 20.246947252701375)
(15.800372069884427, 20.311999471205024)
(15.93069654822123, 20.37873200531578)
(15.93069654822123, 20.37873200531578)
(16.0585205569046, 20.443504171218244)
(16.17314208581785, 20.50323539029939)
(16.267359782359115, 20.55408494117156)
(16.33397229392651, 20.592212102447068)
(16.365778267918145, 20.61377615273825)
(16.365778267918145, 20.61377615273825)
(16.41576765722953, 20.64266157817468)
(16.53284964828176, 20.703833067776205)
(16.703701738761367, 20.790569359114404)
(16.91500142635486, 20.896149189760855)
(17.15342620874877, 21.01385129728714)
(17.15342620874877, 21.01385129728714)
(17.58364701543942, 21.228691649909894)
(17.9498958065167, 21.417127042992423)
(18.251812514350522, 21.57915747653472)
(18.489037071310783, 21.714782950536794)
(18.661209409767398, 21.82400346499864)
(18.661209409767398, 21.82400346499864)
(18.710518671333045, 21.857129686967287)
(18.768229510934223, 21.894576720497064)
(18.829541026836342, 21.933464024547217)
(18.889652317304815, 21.970911058076993)
(18.94376248060505, 22.00403728004564)
(18.94376248060505, 22.00403728004564)
(19.039760511539555, 22.064608656930343)
(19.111634011257767, 22.11713852340961)
(19.159262957216306, 22.16138683439672)
(19.182527326871824, 22.197113544804935)
(19.181307097680953, 22.22407860954753)
(19.181307097680953, 22.22407860954753)
(19.170245019934175, 22.235240706080443)
(19.150421296521777, 22.24976343382757)
(19.12387631068096, 22.266206522268526)
(19.092650445648918, 22.283129700882945)
(19.058784084662857, 22.299092699150446)
(19.058784084662857, 22.299092699150446)
(19.01829648003451, 22.319136463892345)
(18.971327658064467, 22.344821288172387)
(18.92159831759704, 22.373986766209995)
(18.87282915747653, 22.404472492224624)
(18.828740876547243, 22.434118060435697)
(18.828740876547243, 22.434118060435697)
(18.726701710930048, 22.497910042234015)
(18.591536323344208, 22.574784481259083)
(18.441128072751056, 22.655019551498363)
(18.293360318111922, 22.72889342693932)
(18.166116418388146, 22.786684281569407)
(18.166116418388146, 22.786684281569407)
(18.122148160002222, 22.807308155270903)
(18.068218030517034, 22.834653291400812)
(18.00876686403707, 22.86643926163523)
(17.94823549466682, 22.900385637650196)
(17.891064756510787, 22.93421199112181)
(17.891064756510787, 22.93421199112181)
(17.824812312573492, 22.973119298929184)
(17.739116216611116, 23.02102829748891)
(17.641537888855645, 23.073738197783232)
(17.539638749539044, 23.12704821079437)
(17.440980218893287, 23.176757547504575)
(17.440980218893287, 23.176757547504575)
(17.342901797207126, 23.226286850399728)
(17.2426629697404, 23.276536288555064)
(17.14770513418172, 23.324025208213023)
(17.0654696882197, 23.36527295561601)
(17.003398029542936, 23.396798877006464)
(17.003398029542936, 23.396798877006464)
(16.644530624882584, 23.5755524515909)
(16.307867390744697, 23.74062345623178)
(16.009611370483498, 23.884330448153737)
(15.765965607453225, 23.998991984581448)
(15.593133145008103, 24.076926622739574)
(15.593133145008103, 24.076926622739574)
(15.500235696443852, 24.11887450164552)
(15.423061201060372, 24.157461749337262)
(15.36232979411785, 24.192328298184698)
(15.318761610876477, 24.22311408055774)
(15.293076786596437, 24.249459028826283)
(15.293076786596437, 24.249459028826283)
(15.276713713184387, 24.28332538981234)
(15.265991699310476, 24.329554072764967)
(15.25995056462779, 24.395106385199306)
(15.257630128789406, 24.4869436346305)
(15.258070211448409, 24.612027128573715)
(15.258070211448409, 24.612027128573715)
(15.258970380523646, 24.71010555025987)
(15.258670324165232, 24.799542348823774)
(15.257170042373172, 24.874696464727283)
(15.254469535147468, 24.92992683843226)
(15.250568802488118, 24.95959241040056)
(15.250568802488118, 24.95959241040056)
(15.233025507399649, 24.987597670518984)
(15.205640363755276, 25.0)
(15.17477456635333, 24.997399511560427)
(15.146789309992133, 24.9803963179171)
(15.12804578947002, 24.94959053178684)
PEN UP
(15.413099329961103, 24.016915351057243)
PEN DOWN
(15.443244992102864, 23.997911781691162)
(15.502436109738868, 23.96690595798863)
(15.5843114880708, 23.92689844353374)
(15.682509932300327, 23.880889801910616)
(15.790670247629118, 23.831880596703378)
(15.790670247629118, 23.831880596703378)
(15.903351412091313, 23.780911023287846)
(16.013992193316305, 23.729581382242227)
(16.11455108089867, 23.681732394954174)
(16.19698656443297, 23.641204782811375)
(16.25325713351377, 23.611839267201493)
(16.25325713351377, 23.611839267201493)
(16.296285215310007, 23.58751469841292)
(16.3394333196496, 23.563670219797807)
(16.379820905491812, 23.54198614696325)
(16.414567431795884, 23.524142795516376)
(16.44079235752106, 23.51182048106427)
(16.44079235752106, 23.51182048106427)
(16.656052789045592, 23.41378206689256)
(16.826424789351737, 23.334827237115842)
(16.95442883185015, 23.273635743757083)
(17.042585389951505, 23.22888733883929)
(17.093414937066438, 23.199261774385448)
(17.093414937066438, 23.199261774385448)
(17.119039750074794, 23.182718667158348)
(17.1519859382284, 23.16413517669405)
(17.189372960486487, 23.145071596056297)
(17.228320275808322, 23.127088218308828)
(17.265947343153144, 23.11174533651538)
(17.265947343153144, 23.11174533651538)
(17.309335492579475, 23.093201853565535)
(17.361605310214784, 23.06901731107756)
(17.418435984497954, 23.041352114831998)
(17.475506703867858, 23.01236667060943)
(17.528496656763355, 22.98422138419042)
(17.528496656763355, 22.98422138419042)
(17.59969002873583, 22.94613423042937)
(17.707370253891163, 22.889563604990155)
(17.841215393499994, 22.820030544867556)
(17.99090350883296, 22.74305608705635)
(18.146112661160704, 22.66416126855131)
(18.146112661160704, 22.66416126855131)
(18.29616084412376, 22.58752687461297)
(18.431326231709605, 22.5167735852995)
(18.542727155709244, 22.456582279802117)
(18.62148194791369, 22.41163383731205)
(18.658708940113968, 22.386609137020514)
(18.658708940113968, 22.386609137020514)
(18.67981290398892, 22.369545932105503)
(18.71111878404987, 22.346721645108993)
(18.749626016712703, 22.320176659268174)
(18.792334038393296, 22.29195135782025)
(18.836242285507534, 22.264086124002418)
(18.836242285507534, 22.264086124002418)
(18.8627472638339, 22.247583024289774)
(18.889252242160264, 22.231079924577134)
(18.915757220486626, 22.214576824864494)
(18.94226219881299, 22.198073725151854)
(18.968767177139355, 22.18157062543921)
(18.968767177139355, 22.18157062543921)
(18.93576097771407, 22.160066586419706)
(18.90275477828879, 22.138562547400202)
(18.869748578863504, 22.117058508380705)
(18.836742379438224, 22.0955544693612)
(18.80373618001294, 22.074050430341696)
(18.80373618001294, 22.074050430341696)
(18.741664521336176, 22.034442991031355)
(18.670231104276976, 21.990034649986427)
(18.595076988373464, 21.944426083507857)
(18.52184323316379, 21.901217967896574)
(18.45617089818609, 21.86401097945353)
(18.45617089818609, 21.86401097945353)
(18.395319468700208, 21.829664528294007)
(18.335428219561237, 21.79447791933093)
(18.280457894700216, 21.761211671061695)
(18.23436923804819, 21.732626301983675)
(18.201122993536174, 21.711482330594265)
(18.201122993536174, 21.711482330594265)
(18.16681654989111, 21.688538021054388)
(18.115106837458164, 21.657552201109077)
(18.05079475797193, 21.621285389255718)
(17.978681213166993, 21.582498103991703)
(17.903567104777938, 21.54395086381442)
(17.903567104777938, 21.54395086381442)
(17.82683269205346, 21.50606374762564)
(17.747577805918326, 21.46649631582975)
(17.6716835509974, 21.428369154554243)
(17.60503103191556, 21.394802849926595)
(17.553501353297662, 21.36891798807428)
(17.553501353297662, 21.36891798807428)
(17.490369495487847, 21.335831773620086)
(17.388710401257974, 21.284862200204557)
(17.258605964250677, 21.220930192105648)
(17.110138078108584, 21.148956673601297)
(16.953388636474326, 21.073862568969474)
(16.953388636474326, 21.073862568969474)
(16.791898304377163, 20.993867543816922)
(16.62764745378262, 20.91099197762362)
(16.472878384113883, 20.831357020101162)
(16.339833394794148, 20.76108382096115)
(16.24075478524662, 20.706293529915182)
(16.24075478524662, 20.706293529915182)
(16.15133799043994, 20.655764039158655)
(16.04511803956221, 20.597313060540063)
(15.931096623365777, 20.535621473250625)
(15.818275432602993, 20.47537015648156)
(15.715656158026201, 20.421239989424098)
(15.715656158026201, 20.421239989424098)
(15.622138592987898, 20.373150957049322)
(15.53462215511783, 20.32698228536838)
(15.459107971584224, 20.285854560508753)
(15.401597169555322, 20.252888368597926)
(15.368090876199354, 20.231204295763376)
(15.368090876199354, 20.231204295763376)
(15.356088621862888, 20.223202792872396)
(15.344086367526419, 20.215201289981422)
(15.332084113189955, 20.207199787090442)
(15.320081858853484, 20.199198284199465)
(15.30807960451702, 20.191196781308488)
(15.30807960451702, 20.191196781308488)
(15.310079980239763, 20.305718291435603)
(15.31208035596251, 20.420239801562726)
(15.314080731685253, 20.534761311689845)
(15.316081107408, 20.649282821816968)
(15.318081483130742, 20.763804331944083)
(15.318081483130742, 20.763804331944083)
(15.318841625905385, 21.20076640482038)
(15.31276048370824, 21.677215894463654)
(15.30079823688623, 22.152225113586546)
(15.283915065786266, 22.584866374901722)
(15.26307115075527, 22.93421199112181)
(15.26307115075527, 22.93421199112181)
(15.255289689193797, 23.043832580728207)
(15.250028701042975, 23.143251254148602)
(15.247408208846183, 23.225866771497948)
(15.247548235146771, 23.285077892891184)
(15.250568802488118, 23.314283378443253)
(15.250568802488118, 23.314283378443253)
(15.25500963659261, 23.341908567174354)
(15.259090403067008, 23.394258399838577)
(15.26245103428122, 23.466051884527875)
(15.26473146260515, 23.552008029334203)
(15.2655716204087, 23.646845842349517)
(15.2655716204087, 23.646845842349517)
(15.26763200740313, 23.741583636578692)
(15.270652574744469, 23.829840213466174)
(15.274393277346004, 23.905734468387106)
(15.278614070120996, 23.963385296716602)
(15.283074907982714, 23.996911593829797)
(15.283074907982714, 23.996911593829797)
(15.296837492955198, 24.0280374400757)
(15.318761610876477, 24.04608082909486)
(15.346806878509351, 24.050561670713797)
(15.378932912616627, 24.04099987475908)
(15.413099329961103, 24.016915351057243)
PEN UP
(42.8258938615779, 60.030630925946646)
PEN DOWN
(41.91637472728772, 61.57918304775748)
(40.52751380997179, 63.90139143322554)
(39.06060782589643, 66.31696031233548)
(37.88207037798685, 68.22744421685503)
(37.33679640372331, 69.08889392562044)
(37.33679640372331, 69.08889392562044)
(37.17242072354404, 69.2782435547273)
(37.081559262324554, 69.3165419379808)
(37.06715985407752, 69.2171096575383)
(37.1323984953553, 68.9926814442308)
(37.28054006332516, 68.65555418440073)
(37.28054006332516, 68.65555418440073)
(37.399790557114784, 68.42001748875707)
(37.572767659864624, 68.10175126662726)
(37.783929801935734, 67.72812586844235)
(38.01756702480804, 67.32686287102763)
(38.25773600037424, 66.92620519710728)
(38.25773600037424, 66.92620519710728)
(38.47622843081803, 66.55479905004101)
(38.66574906883241, 66.22142655305073)
(38.81389437282776, 65.9490223270305)
(38.90815083818029, 65.76072480329881)
(38.93599136244738, 65.67964695914678)
(38.93599136244738, 65.67964695914678)
(38.94321535241189, 65.63760095561555)
(38.98432371337183, 65.56353173258071)
(39.05420767471683, 65.46410895468718)
(39.147766556431215, 65.34596903378319)
(39.25989854285034, 65.21574947557588)
(39.25989854285034, 65.21574947557588)
(39.44514409456703, 64.98798214301974)
(39.69673095605085, 64.62527637720378)
(40.050968560237756, 64.0706202634861)
(40.545571612972005, 63.26376635947113)
(41.220620409571765, 62.139076527363166)
(41.220620409571765, 62.139076527363166)
(41.920472299366445, 60.96728715623969)
(42.408742381636024, 60.16029878477902)
(42.72330676213005, 59.66142322225484)
(42.90502191553156, 59.4071623663665)
(42.996707937194536, 59.32961621816178)
(42.996707937194536, 59.32961621816178)
(43.09907332193774, 59.323461305975194)
(43.13640480402594, 59.37540651648298)
(43.10534950770299, 59.50082392207429)
(43.002791286558114, 59.71451845896784)
(42.8258938615779, 60.030630925946646)
PEN UP
(9.797417554336093, 75.79791267829356)
PEN DOWN
(9.578323279269277, 76.23668223723975)
(9.462250639298514, 76.16411478064762)
(9.450314187095053, 75.41739284023892)
(9.567546026306431, 73.80298230682403)
(9.884060632411819, 71.06724579408262)
(9.884060632411819, 71.06724579408262)
(10.276048609517847, 68.46933629652571)
(10.587340482744914, 66.73159217702927)
(10.807572770728754, 65.69388588675376)
(10.963060516437706, 65.14634788261257)
(11.100047123327023, 64.85082677466937)
(11.100047123327023, 64.85082677466937)
(11.198081637208524, 64.6879684285547)
(11.273623288811438, 64.57521755261953)
(11.330557869758449, 64.50857205461308)
(11.372832380795632, 64.48390939222924)
(11.404448988138451, 64.49700529442038)
(11.404448988138451, 64.49700529442038)
(11.362169479650088, 64.82942910253537)
(11.221186780063048, 65.68984020104057)
(11.014409651078333, 66.95577330554896)
(10.775365103932668, 68.5044906877587)
(10.533236442923602, 70.22027017139484)
(10.533236442923602, 70.22027017139484)
(10.249236648009301, 72.50508193511537)
(10.085703345365781, 74.0112815787988)
(9.978685647204253, 74.94891588592503)
(9.890403054939018, 75.49252103953057)
(9.797417554336093, 75.79791267829356)
PEN UP
(3.95362571147933, 81.79126147966922)
PEN DOWN
(3.840712348343089, 82.20336768756722)
(3.7208942921519834, 82.54035524194724)
(3.599084672574669, 82.792064231354)
(3.480529570195886, 82.94799529547227)
(3.3708908737951253, 82.99722370313702)
(3.3708908737951253, 82.99722370313702)
(3.3203054107823777, 82.95456923086991)
(3.298951820685055, 82.81092327317381)
(3.308579368620482, 82.54125864576918)
(3.3517798196003614, 82.11954057894677)
(3.432435674905447, 81.51818432577225)
(3.432435674905447, 81.51818432577225)
(3.49406694579102, 81.05191026721009)
(3.5470839376708843, 80.63647612582615)
(3.586563283309826, 80.2998889281085)
(3.6072770398099223, 80.0705279423468)
(3.6040090746632014, 79.97676044347548)
(3.6040090746632014, 79.97676044347548)
(3.6291775521622496, 79.33038633766843)
(3.7828870561751637, 77.80391927358879)
(4.036210822297857, 75.90189286745715)
(4.316457914719686, 74.18143688850037)
(4.502681236097685, 73.26185486063449)
(4.502681236097685, 73.26185486063449)
(4.618435914709582, 72.94718111904162)
(4.735394949559432, 72.70465615973754)
(4.843858167307257, 72.54830130883522)
(4.934407249309497, 72.49184031310176)
(4.997975951355878, 72.54858359985211)
(4.997975951355878, 72.54858359985211)
(4.8872251580217645, 73.5772230321949)
(4.594071545284616, 75.83565135730309)
(4.2970955105355335, 78.44655875241882)
(4.083967627934417, 80.64995818053862)
(3.95362571147933, 81.79126147966922)
PEN UP
(1.6624621722575066, 107.32953663074558)
PEN DOWN
(1.7839120374002078, 107.63454152132937)
(1.9614513641063298, 108.06487865730544)
(2.182978280880037, 108.57708119211533)
(2.434599465056812, 109.12908660286818)
(2.6996320818500408, 109.68099390032715)
(2.6996320818500408, 109.68099390032715)
(2.9643486738879536, 110.20421070609484)
(3.2167544146084435, 110.67521195880325)
(3.4387202996835264, 111.06477702911835)
(3.61058649482391, 111.34483286057682)
(3.712312992768032, 111.48760012408792)
(3.712312992768032, 111.48760012408792)
(4.000105245666235, 111.92581672702944)
(4.326713577829749, 112.48437956664225)
(4.645781433192451, 113.06101388597172)
(4.901748710590568, 113.5601543819952)
(5.03147160231164, 113.89154707237665)
(5.03147160231164, 113.89154707237665)
(5.063877304204754, 114.03516758181844)
(5.117405121457425, 114.18733010688328)
(5.186602586050679, 114.33519954063115)
(5.265739266652506, 114.46611539800043)
(5.3488036560224845, 114.56760441293595)
(5.3488036560224845, 114.56760441293595)
(5.436162045201771, 114.68817048491951)
(5.521961199020289, 114.8668618826792)
(5.60184596974064, 115.08852762159987)
(5.671132625357253, 115.33823379306025)
(5.724699985238801, 115.60131856756144)
(5.724699985238801, 115.60131856756144)
(5.771847858604754, 115.84739249677968)
(5.818817060818489, 116.0679793127581)
(5.862961219831411, 116.24893885965555)
(5.9014264139730885, 116.37625032729957)
(5.931316094509738, 116.43591863720093)
(5.931316094509738, 116.43591863720093)
(6.011970007059927, 116.6132910346723)
(6.130214898783298, 116.97849240766868)
(6.259368300679614, 117.4196429982022)
(6.367924357709996, 117.82773471100569)
(6.419013966759656, 118.09684353814147)
(6.419013966759656, 118.09684353814147)
(6.427194023830172, 118.18364081475984)
(6.444077569923843, 118.30952018968246)
(6.467825556140092, 118.4620492470106)
(6.496488970453487, 118.62885494884871)
(6.527934060110829, 118.7976641803383)
(6.527934060110829, 118.7976641803383)
(6.5565650442120935, 118.99945645056907)
(6.56969715737201, 119.25214349618881)
(6.567726331392706, 119.53385657240491)
(6.550591206778211, 119.82295177163755)
(6.517753432561108, 120.09801520012536)
(6.517753432561108, 120.09801520012536)
(6.474334548095019, 120.40251072872074)
(6.431027103325112, 120.75467605671767)
(6.390048418272833, 121.12691174130241)
(6.352998509438231, 121.49192828959136)
(6.320798046666766, 121.82276606519211)
(6.320798046666766, 121.82276606519211)
(6.271254174110994, 122.21673227599979)
(6.1941633653004144, 122.59283468153184)
(6.0823213625097585, 122.97484855339069)
(5.9289022654357195, 123.38627775699784)
(5.727361351054522, 123.85036896768877)
(5.727361351054522, 123.85036896768877)
(5.546094473790945, 124.23621522750348)
(5.3592257913896475, 124.6411373194214)
(5.179419344990124, 125.0351849443912)
(5.0191373053756045, 125.38862233469172)
(4.890664751097243, 125.67188902865678)
(4.890664751097243, 125.67188902865678)
(4.49511771417847, 126.49751848707113)
(4.041578688204309, 127.33375007685504)
(3.4984487503462005, 128.2261183605831)
(2.8334013912910625, 129.21922875403067)
(2.0126567160130935, 130.35656555803644)
(2.0126567160130935, 130.35656555803644)
(1.5120553109328996, 131.02193414192135)
(1.048670084398315, 131.62719858591515)
(0.6523955924736011, 132.13408826546626)
(0.35370239294322925, 132.50461244017907)
(0.18332964303524246, 132.70084623838048)
(0.18332964303524246, 132.70084623838048)
(0.0017750981663401573, 132.8916863317809)
(-0.32918240025126994, 133.24601290919162)
(-0.7772712542024491, 133.7256373443551)
(-1.3101253300175781, 134.2924659766035)
(-1.894733166312588, 134.90875477916558)
(-1.894733166312588, 134.90875477916558)
(-2.479419692776402, 135.51170835613198)
(-3.010885785718215, 136.04134245243392)
(-3.4519592534842665, 136.46483766501512)
(-3.7645659466707073, 136.7496668226994)
(-3.910485910671856, 136.8633186984256)
(-3.910485910671856, 136.8633186984256)
(-4.207143010890619, 137.10675650542012)
(-4.9349712232478256, 137.73770568547604)
(-6.028038770628486, 138.6769063548071)
(-7.423795126221587, 139.84435188446335)
(-9.059026175757197, 141.16088996959454)
(-9.059026175757197, 141.16088996959454)
(-13.61066211352545, 144.5393947228741)
(-17.09618965235906, 146.82033001860958)
(-19.81818798761731, 148.4174933698902)
(-22.23487663382702, 149.6970880919609)
(-24.93831725643093, 150.98796868757827)
(-24.93831725643093, 150.98796868757827)
(-26.58225552223191, 151.72138413676433)
(-28.232022061497393, 152.421018254414)
(-29.76451234028638, 153.03958654729425)
(-31.041891668036836, 153.53396509173825)
(-31.91621212234016, 153.86396606451538)
(-31.91621212234016, 153.86396606451538)
(-32.58743005864583, 154.11423386956128)
(-33.15349787906089, 154.3059917949429)
(-33.6044316602925, 154.43948814839484)
(-33.931079155354155, 154.51486408408923)
(-34.12531952876271, 154.53209358156215)
(-34.12531952876271, 154.53209358156215)
(-34.37459656491313, 154.55994865611825)
(-34.85278844289661, 154.6752406842624)
(-35.55895683238567, 154.87380049637886)
(-36.49519376418565, 155.15065354166146)
(-37.66652709042322, 155.49999902726657)
(-37.66652709042322, 155.49999902726657)
(-38.33313505238926, 155.69575412219092)
(-39.007508682394835, 155.88896814324943)
(-39.68971693004508, 156.07958548700307)
(-40.37982361948457, 156.26754946751774)
(-41.077886974118016, 156.45280233649544)
(-41.077886974118016, 156.45280233649544)
(-41.06395056713076, 156.5327581279831)
(-41.04963437942931, 156.6126811202638)
(-41.03493474221591, 156.69257115130162)
(-41.019847939253836, 156.77242805619764)
(-41.004370206129174, 156.85225166714483)
(-41.004370206129174, 156.85225166714483)
(-40.978171309206196, 157.107630557304)
(-40.946890831341655, 157.5793618471913)
(-40.89797003261488, 158.21632119223793)
(-40.81849422605431, 158.9674491428701)
(-40.698434148690765, 159.78199814857808)
(-40.698434148690765, 159.78199814857808)
(-40.54274044227708, 160.59750109426926)
(-40.336652598344095, 161.34381714893075)
(-40.107022402156936, 161.97285719908578)
(-39.89340555744453, 162.43721734594266)
(-39.74302542550359, 162.68989118340164)
(-39.74302542550359, 162.68989118340164)
(-39.64614100410392, 162.82427734314237)
(-39.5653439978811, 162.9589855999157)
(-39.50673265358822, 163.0848400297334)
(-39.47694363912662, 163.19268764823647)
(-39.482895686714464, 163.27337886766188)
(-39.482895686714464, 163.27337886766188)
(-39.403841919365924, 163.6014949798132)
(-39.13484602842087, 164.10149381865034)
(-38.73376497932977, 164.6406647436455)
(-38.2927157670145, 165.08798590938144)
(-37.946515841526974, 165.31470240771608)
(-37.946515841526974, 165.31470240771608)
(-37.51162532057486, 165.5111766991151)
(-37.2055171760371, 165.77919276685196)
(-37.052103354319144, 166.0802676981637)
(-37.084853159991255, 166.3759726587631)
(-37.34344701042607, 166.62761262838416)
(-37.34344701042607, 166.62761262838416)
(-37.65127331979279, 166.78567144828767)
(-37.89879985666447, 166.88232851244854)
(-38.13493899247995, 166.9271452877573)
(-38.40978265655252, 166.92950877228117)
(-38.77322515201212, 166.89856703444275)
(-38.77322515201212, 166.89856703444275)
(-39.51196938346157, 166.73949180981975)
(-40.185252855539424, 166.43642610690776)
(-40.768016599824826, 165.98318300168773)
(-41.23710953329167, 165.37360586744788)
(-41.57308244772566, 164.6015343044512)
(-41.57308244772566, 164.6015343044512)
(-41.72229033164943, 164.14970371706937)
(-41.87143763152099, 163.7060307670187)
(-42.013921602391825, 163.30233220422028)
(-42.14767157139047, 162.97064314689888)
(-42.27340863925304, 162.74315167674058)
(-42.27340863925304, 162.74315167674058)
(-42.39314959114947, 162.53064464934417)
(-42.49962141997203, 162.24067605095286)
(-42.58242750172054, 161.90074153123663)
(-42.634286517314585, 161.5384866811887)
(-42.651051408282584, 161.18170775371775)
(-42.651051408282584, 161.18170775371775)
(-42.64412122857006, 160.8023521330788)
(-42.641375977425014, 160.39355894047486)
(-42.641694714529166, 159.98576281574958)
(-42.64648161213935, 159.6095437568936)
(-42.659267033506794, 159.29561633351665)
(-42.659267033506794, 159.29561633351665)
(-42.672817953429416, 158.8446982300715)
(-42.66117762700365, 158.086257240391)
(-42.60260335364247, 157.094163368492)
(-42.48462046572972, 155.9426854482942)
(-42.3077100736921, 154.70687139959455)
(-42.3077100736921, 154.70687139959455)
(-42.1108288387076, 153.49745957222277)
(-41.920665627154406, 152.4026620294074)
(-41.759096739014836, 151.49455360775346)
(-41.650784741839175, 150.84581790236575)
(-41.62005278240186, 150.5292806712592)
(-41.62005278240186, 150.5292806712592)
(-41.62961056230722, 150.34208388890323)
(-41.625726816322505, 150.05132392784307)
(-41.60608278254699, 149.68452042989574)
(-41.56927428751058, 149.2692981681694)
(-41.51522055456336, 148.83344786260136)
(-41.51522055456336, 148.83344786260136)
(-41.440169040122846, 148.31559698711257)
(-41.34219775816005, 147.6722974482236)
(-41.226922017432145, 146.95862219016757)
(-41.10312761349874, 146.2301272584222)
(-40.982901029744234, 145.54294292688533)
(-40.982901029744234, 145.54294292688533)
(-40.8575600094012, 144.88766978895086)
(-40.71673323306641, 144.24754830596842)
(-40.57350490470848, 143.6683984175166)
(-40.442191960406866, 143.19637277543174)
(-40.33755934332988, 142.8778113463554)
(-40.33755934332988, 142.8778113463554)
(-40.232899075417066, 142.56011367320613)
(-40.11275501581372, 142.10664778662206)
(-39.982621228512166, 141.55785019953828)
(-39.848755658496174, 140.95432646469897)
(-39.71877076426869, 140.33699775993963)
(-39.71877076426869, 140.33699775993963)
(-39.480255390162, 139.2915659395688)
(-39.20335471254348, 138.31206181245494)
(-38.91995589073505, 137.47624902005614)
(-38.66245723334297, 136.86252512634226)
(-38.46180506914968, 136.549347534046)
(-38.46180506914968, 136.549347534046)
(-38.420493443183695, 136.50536082573188)
(-38.38822971243712, 136.4513885952422)
(-38.36666783104402, 136.39139671133918)
(-38.35745053642411, 136.32934590993395)
(-38.362221950110396, 136.26919294133353)
(-38.362221950110396, 136.26919294133353)
(-38.35251754102286, 136.16291905211355)
(-38.303129920776875, 135.9729766090354)
(-38.22067085927948, 135.71901484485304)
(-38.111906619784264, 135.42070614398645)
(-37.983797011089585, 135.09778283523053)
(-37.983797011089585, 135.09778283523053)
(-37.8541673554965, 134.7793067024932)
(-37.74113737806006, 134.49308005113386)
(-37.652343521245584, 134.25705594029014)
(-37.59551017864585, 134.08923103414043)
(-37.5784073723777, 134.00760612434894)
(-37.5784073723777, 134.00760612434894)
(-37.55032519113689, 133.89858298636773)
(-37.464156210906324, 133.64307742416042)
(-37.32975634592757, 133.27025465133036)
(-37.15704990805968, 132.80926131700522)
(-36.956227135724404, 132.28934237299805)
(-36.956227135724404, 132.28934237299805)
(-36.74100739602215, 131.73308479455397)
(-36.544180554246324, 131.1771383574235)
(-36.377637897172384, 130.66124395362863)
(-36.25406485682657, 130.22549542438352)
(-36.18683785004363, 129.9102587386365)
(-36.18683785004363, 129.9102587386365)
(-36.116469536092225, 129.61073604520635)
(-35.998815056906956, 129.22454174342246)
(-35.84417160634592, 128.78492199377553)
(-35.663351232867115, 128.32533066457307)
(-35.46764579134793, 127.8794724995491)
(-35.46764579134793, 127.8794724995491)
(-35.0729647075029, 126.9683504758766)
(-34.63047853392243, 125.88651447020767)
(-34.18107647370752, 124.74232526626203)
(-33.76828524244083, 123.64623254930073)
(-33.43857688947677, 122.7109908519534)
(-33.43857688947677, 122.7109908519534)
(-33.32720496430501, 122.4124904682311)
(-33.17154317472604, 122.02828205240884)
(-32.98494935587601, 121.59220060549961)
(-32.78107866480633, 121.1383099258494)
(-32.57389004817844, 120.70096214184217)
(-32.57389004817844, 120.70096214184217)
(-32.36581865637289, 120.24666922266556)
(-32.144536474892625, 119.73761989007473)
(-31.926254491412372, 119.21322536408098)
(-31.727566226019267, 118.71330113026414)
(-31.565495654246835, 118.27807590274423)
(-31.565495654246835, 118.27807590274423)
(-31.1395409079376, 117.09596502582569)
(-30.79646510710669, 116.19531861123687)
(-30.471662768424906, 115.41521714221585)
(-30.096760213165187, 114.59122618235287)
(-29.600733726011516, 113.55565825312331)
(-29.600733726011516, 113.55565825312331)
(-29.258387836092925, 112.84331658890675)
(-28.901058469684884, 112.08188290087924)
(-28.555036906689402, 111.32843825917087)
(-28.247287235935843, 110.64107156858243)
(-28.005432382293307, 110.07879636729166)
(-28.005432382293307, 110.07879636729166)
(-27.796050709310595, 109.58581200029266)
(-27.576014578011957, 109.07737397396012)
(-27.36211526816717, 108.59239730756406)
(-27.171490813478073, 108.17026900962838)
(-27.02152729737152, 107.85074867145335)
(-27.02152729737152, 107.85074867145335)
(-26.723519370574667, 107.21255891314658)
(-26.3395759014074, 106.37466655622994)
(-25.91395314014919, 105.43513153494202)
(-25.492219448511655, 104.49402957076481)
(-25.12157588314765, 103.65391813931363)
(-25.12157588314765, 103.65391813931363)
(-24.611650595117446, 102.50187004588871)
(-24.177434949086475, 101.53802194255205)
(-23.78401405154804, 100.68542253595814)
(-23.394930136764277, 99.86480943090025)
(-22.972482954603485, 98.99490016958278)
(-22.972482954603485, 98.99490016958278)
(-22.700717426588284, 98.43242864414036)
(-22.43409760965905, 97.87146994579979)
(-22.191454762573887, 97.35200166421241)
(-21.991984906354336, 96.91461738471952)
(-21.855163397182164, 96.60035125693528)
(-21.855163397182164, 96.60035125693528)
(-21.5348929330881, 95.86750866930294)
(-21.157590731341653, 95.03467745687514)
(-20.703629877472498, 94.06049206068045)
(-20.15244860099239, 92.9018049795425)
(-19.48219797568692, 91.51296747879854)
(-19.48219797568692, 91.51296747879854)
(-19.095420064231018, 90.72381361560399)
(-18.723839919019948, 89.96265883472847)
(-18.39291466582315, 89.28292601585696)
(-18.128736334543095, 88.7392156651406)
(-17.957772952178473, 88.38681988913117)
(-17.957772952178473, 88.38681988913117)
(-17.816907347910462, 88.08860807148542)
(-17.635350575285603, 87.69328025473018)
(-17.428194095428715, 87.2351094096433)
(-17.21076849548285, 86.74878213479383)
(-16.99874482660087, 86.2695598565428)
(-16.99874482660087, 86.2695598565428)
(-16.796402920526113, 85.80547018408474)
(-16.594434018429087, 85.35284122946037)
(-16.40796992531473, 84.94355081052818)
(-16.25239244967269, 84.60993899515054)
(-16.143224880474744, 84.38463238962613)
(-16.143224880474744, 84.38463238962613)
(-16.04985733341632, 84.19540398131696)
(-15.937651415349565, 83.96125670152449)
(-15.816139882981627, 83.70180157882234)
(-15.69493997261312, 83.43681419455007)
(-15.583775141855627, 83.18626761952211)
(-15.583775141855627, 83.18626761952211)
(-15.478821534898335, 82.94840956203427)
(-15.374477026936198, 82.71900305921865)
(-15.277943426583882, 82.51455254078394)
(-15.19648804113701, 82.35168283182524)
(-15.137406453619535, 82.24708320295514)
(-15.137406453619535, 82.24708320295514)
(-15.079307410767544, 82.13136062519307)
(-14.994194421435393, 81.94592569518566)
(-14.89050866348308, 81.70920636365811)
(-14.776720215665794, 81.43969889617254)
(-14.661380931654142, 81.15604978357963)
(-14.661380931654142, 81.15604978357963)
(-14.365584178150256, 80.45522609315738)
(-14.0811497226828, 79.82743450302972)
(-13.812385176192818, 79.28074822830183)
(-13.563468138605408, 78.82316647702052)
(-13.338399031989624, 78.4625376646203)
(-13.338399031989624, 78.4625376646203)
(-13.124651119613173, 78.19102408985128)
(-12.978381227445624, 78.0695502982654)
(-12.912060417008986, 78.09287128186172)
(-12.937952617281464, 78.25525246021277)
(-13.06825594034415, 78.55045956606862)
(-13.06825594034415, 78.55045956606862)
(-13.16471786058175, 78.75110820953778)
(-13.315481018805604, 79.06935665976759)
(-13.50443422222793, 79.4732359771148)
(-13.715579242899818, 79.93102156394353)
(-13.933152555687393, 80.4114571903558)
(-13.933152555687393, 80.4114571903558)
(-14.191152501829075, 80.97633105845884)
(-14.507673149677089, 81.6750653375313)
(-14.854679698848132, 82.44471679602914)
(-15.205099606872258, 83.22402295679954)
(-15.532936445852425, 83.95356829263878)
(-15.532936445852425, 83.95356829263878)
(-15.885861583478322, 84.73417422591471)
(-16.303437002789664, 85.65127974847033)
(-16.749251897013224, 86.62540615173938)
(-17.188434236374214, 87.57974805473226)
(-17.58764237713321, 88.44014471623825)
(-17.58764237713321, 88.44014471623825)
(-17.9669404440361, 89.2541875072165)
(-18.349166009810062, 90.07698600401024)
(-18.706875306461754, 90.84866630326681)
(-19.01352164800732, 91.51089632686805)
(-19.243195372595963, 92.00641808311029)
(-19.243195372595963, 92.00641808311029)
(-19.411155627263, 92.37997164835839)
(-19.556030328197778, 92.70849294760228)
(-19.667577247442694, 92.97064533600286)
(-19.735621841542184, 93.14518648555148)
(-19.749986303532655, 93.21083263764274)
(-19.749986303532655, 93.21083263764274)
(-19.42459532898119, 93.01592892848657)
(-18.535437099725936, 92.44756622000891)
(-17.184724632932596, 91.5470401289134)
(-15.47456166766322, 90.35219644440944)
(-13.507305320253968, 88.90512500115696)
(-13.507305320253968, 88.90512500115696)
(-9.660091858254775, 85.89061756031721)
(-6.1916882190923355, 82.96180360337195)
(-3.337952615234286, 80.40590958140454)
(-1.344223400483047, 78.55186082774205)
(-0.46198530037043506, 77.73662063684367)
(-0.46198530037043506, 77.73662063684367)
(-0.30585278571332947, 77.71152804270001)
(-0.2570365206383164, 77.97759583559542)
(-0.31641151622928465, 78.5707243353282)
(-0.481109791671202, 79.5217934480821)
(-0.7431904241847234, 80.85532071303707)
(-0.7431904241847234, 80.85532071303707)
(-1.0032468983208254, 82.23903962109719)
(-1.2335911031137552, 83.7839085856932)
(-1.474315716564236, 86.00976710286811)
(-1.6827072284867624, 89.349633243482)
(-1.6576126734733727, 94.0868449040204)
(-1.6576126734733727, 94.0868449040204)
(-1.4819782419591836, 96.31561400839121)
(-1.2479317274769668, 98.10228589960772)
(-1.008096721974333, 99.42180757161482)
(-0.8135708906182169, 100.24599331955125)
(-0.7069893051276803, 100.53852153377505)
(-0.7069893051276803, 100.53852153377505)
(-0.5203594893761418, 101.11482050231854)
(-0.1248245365609448, 102.50300170519037)
(0.442753061353421, 104.25808186169378)
(1.094021972066571, 105.97919552561882)
(1.6624621722575066, 107.32953663074558)
PEN UP
(-0.9679077688812802, 102.31137982850137)
PEN DOWN
(-0.9937293227955966, 102.23203054142358)
(-1.0449793878854667, 102.09357743703156)
(-1.1154752856613936, 101.90965492862877)
(-1.1991159458440388, 101.69396246481892)
(-1.2900715243835879, 101.46043082332068)
(-1.2900715243835879, 101.46043082332068)
(-1.407768812153918, 101.09295086690656)
(-1.560324230226678, 100.49966404061722)
(-1.72534218545297, 99.73119814910139)
(-1.8827589315436912, 98.84008302030122)
(-2.016754080501312, 97.8823777657371)
(-2.016754080501312, 97.8823777657371)
(-2.1302733539211447, 96.7708054841892)
(-2.231070649006249, 95.45327744880461)
(-2.300812104945406, 94.02793777811748)
(-2.33246388767254, 92.6029218437816)
(-2.33056738934169, 91.29720700177099)
(-2.33056738934169, 91.29720700177099)
(-2.29426013983622, 90.01290206204574)
(-2.226394758571068, 88.6442532912182)
(-2.1306475945797514, 87.29266421215685)
(-2.019171737488852, 86.06834812616879)
(-1.9110372868981305, 85.08919086840143)
(-1.9110372868981305, 85.08919086840143)
(-1.8006397216981398, 84.20818313447832)
(-1.6728956930560528, 83.25758379139094)
(-1.5361569340211245, 82.30789882347419)
(-1.4023020188096553, 81.43367406042323)
(-1.286323652283216, 80.7131801642521)
(-1.286323652283216, 80.7131801642521)
(-1.2233457719637069, 80.33664337555916)
(-1.1586130566724497, 79.95798701261639)
(-1.092118165510556, 79.57718719559554)
(-1.023853381693215, 79.19421934289095)
(-0.9538106009193962, 78.8090581481054)
(-0.9538106009193962, 78.8090581481054)
(-1.696916706649376, 79.52051260678482)
(-2.4382201824176333, 80.22038261948165)
(-3.17783576820263, 80.90884793932301)
(-3.9158709559232188, 81.58607585675693)
(-4.65242631277404, 82.25222197370634)
(-4.65242631277404, 82.25222197370634)
(-5.8605200789139245, 83.31644470722922)
(-7.004731365204871, 84.2959328140317)
(-8.00780576394086, 85.13125851347668)
(-8.792908805456884, 85.76809657054675)
(-9.283333675318474, 86.1544841261916)
(-9.283333675318474, 86.1544841261916)
(-9.87672679979396, 86.60669901335483)
(-10.635954844924065, 87.2058821134035)
(-11.848143756863442, 88.171400353854)
(-13.798267139300012, 89.68852912898919)
(-16.768238163225142, 91.87819354596365)
(-16.768238163225142, 91.87819354596365)
(-17.489536520938017, 92.38430947844266)
(-18.210369115073632, 92.8809123459618)
(-18.930743016641475, 93.36802811920622)
(-19.650660848473613, 93.84567883559211)
(-20.370120806512997, 94.31388280493302)
(-20.370120806512997, 94.31388280493302)
(-20.50757972384396, 94.62791804772908)
(-20.644520157506484, 94.94114917272232)
(-20.780945201408876, 95.25358444365544)
(-20.916857872932518, 95.56523199585428)
(-21.05226111412109, 95.87609983897092)
(-21.05226111412109, 95.87609983897092)
(-21.295342569534583, 96.41770360606554)
(-21.55646103955513, 96.98728408794261)
(-21.81641160918456, 97.5426508221761)
(-22.056414840456146, 98.04232169970486)
(-22.258014920131128, 98.4453866520408)
(-22.258014920131128, 98.4453866520408)
(-22.682432461065304, 99.29854376069912)
(-23.064598858708408, 100.0967430996507)
(-23.37789566479981, 100.78224612817361)
(-23.59637059519898, 101.29822355388468)
(-23.694481909050577, 101.58816094400179)
(-23.694481909050577, 101.58816094400179)
(-23.67592688400817, 101.66911125774203)
(-23.599933347652115, 101.76388986139892)
(-23.475737349400944, 101.86359065884676)
(-23.31268532108048, 101.95934186503796)
(-23.120362118064524, 102.04247850757902)
(-23.120362118064524, 102.04247850757902)
(-22.873030261983224, 102.1608763496512)
(-22.552683955759008, 102.33843730035733)
(-22.1852454940743, 102.55482434989202)
(-21.797864937804068, 102.79120426082662)
(-21.419386367677514, 103.03078025666731)
(-21.419386367677514, 103.03078025666731)
(-20.790562088782583, 103.42058877927614)
(-20.21637777996525, 103.72927603255802)
(-19.61841217914708, 103.99865604657933)
(-18.91130931047852, 104.2618204048659)
(-18.00227546314517, 104.54167976133738)
(-18.00227546314517, 104.54167976133738)
(-16.812507443715347, 104.85982359434102)
(-15.961871922930234, 105.06143311026561)
(-15.384946356581947, 105.19925557219024)
(-15.004747850571585, 105.30976943647616)
(-14.737843564755847, 105.41991880352369)
(-14.737843564755847, 105.41991880352369)
(-14.021294831592739, 105.70024819897182)
(-12.992481215765784, 105.99232538621034)
(-11.868321328953328, 106.22434595530909)
(-10.887145779405929, 106.3552616319194)
(-10.30296448095753, 106.37014517358358)
(-10.30296448095753, 106.37014517358358)
(-9.98919615971763, 106.33997241836718)
(-9.744240715975875, 106.35818144710922)
(-9.575617437793708, 106.42190692443857)
(-9.491044678592505, 106.52823625965154)
(-9.498402622750245, 106.6740803271598)
(-9.498402622750245, 106.6740803271598)
(-9.573859794256938, 106.82723326493137)
(-9.687054624089553, 106.93233790763465)
(-9.875980300077984, 107.00509062678522)
(-10.178101193899057, 107.06012186437106)
(-10.63004060371168, 107.11019222567201)
(-10.63004060371168, 107.11019222567201)
(-11.223103155978848, 107.1288495806747)
(-11.920589650536396, 107.0774071608101)
(-12.73817766034761, 106.94446654581807)
(-13.688187676447043, 106.71459444381998)
(-14.778524766012373, 106.36732906282377)
(-14.778524766012373, 106.36732906282377)
(-15.230906866480536, 106.22298689912192)
(-15.757800727863739, 106.06691121526968)
(-16.313475705948868, 105.90876447847161)
(-16.854479814489732, 105.7613790221203)
(-17.339698557240347, 105.64082007993197)
(-17.339698557240347, 105.64082007993197)
(-18.244371838314063, 105.40699405922817)
(-19.30238168876592, 105.05873533773688)
(-20.46569460454184, 104.58690777246213)
(-21.687232131325214, 103.98516674343831)
(-22.9224396131664, 103.2515843774071)
(-22.9224396131664, 103.2515843774071)
(-23.26197294950416, 103.04026965501939)
(-23.56872339534157, 102.86827853265743)
(-23.825542446416755, 102.74594139833026)
(-24.015529273303034, 102.68400585190999)
(-24.121513901884263, 102.69305605021114)
(-24.121513901884263, 102.69305605021114)
(-24.250512881860146, 102.87000170832579)
(-24.49937739290644, 103.35940167417654)
(-24.969354359151502, 104.38175385221112)
(-25.75418980528185, 106.14698130514914)
(-26.93387223342056, 108.84665682271962)
(-26.93387223342056, 108.84665682271962)
(-27.45818208468954, 110.03913476521113)
(-27.998347230279943, 111.25904964966583)
(-28.515428906298492, 112.41612699582598)
(-28.972340088976235, 113.42250012496804)
(-29.333307254579783, 114.19200463335109)
(-29.333307254579783, 114.19200463335109)
(-29.615314533290896, 114.79133103891145)
(-29.863105768648932, 115.32858500803601)
(-30.06069379058865, 115.7692104427614)
(-30.192284963783948, 116.07885499054817)
(-30.242158442867726, 116.2231551656138)
(-30.242158442867726, 116.2231551656138)
(-30.35467226583916, 116.60851722348822)
(-30.614464653116723, 117.37342083271872)
(-30.93247923234544, 118.27604539603756)
(-31.224660712387134, 119.07857048771866)
(-31.41198873044143, 119.54719770785276)
(-31.41198873044143, 119.54719770785276)
(-31.81626227382503, 120.39532357881332)
(-32.17046135561882, 121.2092961279429)
(-32.4444172958273, 121.91543756796132)
(-32.609273533334665, 122.4409420799497)
(-32.63737695178401, 122.71337885246875)
(-32.63737695178401, 122.71337885246875)
(-32.42118345605813, 122.8964930407761)
(-31.917299017882815, 123.14867780652759)
(-31.19486862286683, 123.4294753547993)
(-30.326623938386007, 123.70068234511142)
(-29.39171169855544, 123.92967831027697)
(-29.39171169855544, 123.92967831027697)
(-28.881049670339817, 124.05144733461417)
(-28.274634643936263, 124.23092167537044)
(-27.551280343739226, 124.46647717428068)
(-26.687563132529906, 124.75424454836713)
(-25.65746175789873, 125.08754004028276)
(-25.65746175789873, 125.08754004028276)
(-25.176145350363687, 125.23373299969133)
(-24.59700244046663, 125.38383172700233)
(-23.795806069222014, 125.5596141042478)
(-22.639610001207174, 125.77201327302006)
(-20.98215613337638, 126.01359270298579)
(-20.98215613337638, 126.01359270298579)
(-20.36009507079661, 126.10829853478236)
(-19.890622114598237, 126.21847503596096)
(-19.577969591014373, 126.34767858237562)
(-19.42608762322815, 126.49836219688865)
(-19.438690837090974, 126.67181779998944)
(-19.438690837090974, 126.67181779998944)
(-19.65800987174421, 126.8663367237654)
(-20.24717247144195, 127.28676657546693)
(-21.242300447575765, 127.94595058063264)
(-22.6857737011825, 128.85082650147453)
(-24.62814157860192, 130.0006942966802)
(-24.62814157860192, 130.0006942966802)
(-26.473270514206348, 131.03432763216773)
(-28.4594009508238, 132.0961225657581)
(-30.440247924847466, 133.10145613490653)
(-32.257008679322325, 133.9768923648059)
(-33.73974276379421, 134.65938687050664)
(-33.73974276379421, 134.65938687050664)
(-34.500938076321205, 135.00236481313982)
(-35.26788884142786, 135.33982370710393)
(-36.04060397534839, 135.67167639320638)
(-36.8190854068799, 135.99783408315673)
(-37.60332766086915, 136.31820643115864)
(-37.60332766086915, 136.31820643115864)
(-37.69059659028461, 136.5533349380972)
(-37.777449522438516, 136.78825849538165)
(-37.86388222553486, 137.02297838836802)
(-37.949890360026885, 137.25749588930606)
(-38.03546947599015, 137.491812257345)
(-38.03546947599015, 137.491812257345)
(-38.18450953465165, 137.9300426337597)
(-38.338890302696726, 138.45288676402865)
(-38.48676200122532, 139.01595707516606)
(-38.617301425493025, 139.5752123135957)
(-38.72106081207314, 140.08700544059693)
(-38.72106081207314, 140.08700544059693)
(-38.814123100167784, 140.60072545240342)
(-38.931233270132765, 141.17140732550985)
(-39.06169961515249, 141.75304797854585)
(-39.19651389414244, 142.30006161341223)
(-39.32821399426309, 142.76722818080054)
(-39.32821399426309, 142.76722818080054)
(-39.45788647345226, 143.20975606870667)
(-39.58412204876944, 143.6875904480446)
(-39.6972540094645, 144.16299192328805)
(-39.788690372113656, 144.59847101067362)
(-39.85097361148612, 144.95676788343178)
(-39.85097361148612, 144.95676788343178)
(-39.88846525695781, 145.26670915763563)
(-39.92996137524819, 145.57489515128444)
(-39.971141376909216, 145.8592751374774)
(-40.008170813820975, 146.09788745880306)
(-40.03753453980559, 146.26882707415868)
(-40.03753453980559, 146.26882707415868)
(-40.17647140123656, 147.15693533544763)
(-40.29578304457044, 148.18652344444706)
(-40.37088967820709, 149.21363901502463)
(-40.39199485861704, 150.09661539174635)
(-40.36509353968555, 150.69583531091678)
(-40.36509353968555, 150.69583531091678)
(-40.34808907422839, 150.97922585609234)
(-40.350862371854966, 151.27457808449248)
(-40.372551920186474, 151.56034628899067)
(-40.413074994620274, 151.8150678687379)
(-40.47284966600215, 152.0173268087658)
(-40.47284966600215, 152.0173268087658)
(-40.613762342972564, 152.61508555834487)
(-40.75264710350424, 153.52990897936888)
(-40.840338249844315, 154.5105082270144)
(-40.85196283783354, 155.30831294276268)
(-40.79141563696186, 155.67736941173382)
(-40.79141563696186, 155.67736941173382)
(-40.693005913741935, 155.68164316731003)
(-40.48378090630772, 155.64244668508454)
(-40.18779448244202, 155.5659169301614)
(-39.82931232158764, 155.45821354862255)
(-39.43242059374389, 155.32561226444614)
(-39.43242059374389, 155.32561226444614)
(-38.84613779738923, 155.13883361990426)
(-37.94290353093314, 154.870106595809)
(-36.82514926191405, 154.54128798910372)
(-35.591269776735466, 154.1755548957097)
(-34.33334974139886, 153.79830300383114)
(-34.33334974139886, 153.79830300383114)
(-30.551775892942466, 152.53931172373316)
(-26.860652606037917, 151.07700000708206)
(-22.690477900455516, 149.11608105872037)
(-17.663758986367977, 146.3040022058014)
(-11.6013699748403, 142.22538461010456)
(-11.6013699748403, 142.22538461010456)
(-6.57642339320643, 138.23563700117268)
(-3.329881766092735, 135.31918517903668)
(-1.279643589378522, 133.29376877411121)
(-0.026165110807293075, 131.9209146365022)
(0.7518899867500094, 130.93309358932507)
(0.7518899867500094, 130.93309358932507)
(0.926991032645802, 130.6908719053724)
(1.1688806228597555, 130.36548269092464)
(1.453421909092972, 129.98522434900508)
(1.756742546706, 129.57855436544153)
(2.0553169909265834, 129.17415523689894)
(2.0553169909265834, 129.17415523689894)
(2.35327115254144, 128.76912568890307)
(2.644676065757871, 128.3553176106215)
(2.9089122465441135, 127.96295859514463)
(3.1255305800673674, 127.62248998286745)
(3.2741374908256637, 127.36450564457901)
(3.2741374908256637, 127.36450564457901)
(3.4108705048734604, 127.10199157187543)
(3.5944203215676676, 126.74892945441161)
(3.80816251663933, 126.33752378193897)
(4.035414786645202, 125.90014255013374)
(4.2594116252418885, 125.4693819551202)
(4.2594116252418885, 125.4693819551202)
(4.70079776193173, 124.61623664832473)
(5.036315369084454, 123.92293448319822)
(5.27197554641913, 123.37514254854776)
(5.4137157757704175, 122.95804639994195)
(5.467420010581519, 122.65641421949239)
(5.467420010581519, 122.65641421949239)
(5.4790038875395135, 122.5150985474714)
(5.49514693973883, 122.3152589585662)
(5.514247144628638, 122.07505360089888)
(5.534519969330315, 121.81272436848732)
(5.553902627116157, 121.54664390683308)
(5.553902627116157, 121.54664390683308)
(5.576003563900214, 121.28369366475258)
(5.607009041409257, 121.01150186970767)
(5.643525847762423, 120.75094168736011)
(5.6818589500986105, 120.52303978455772)
(5.718106940363947, 120.3489342846564)
(5.718106940363947, 120.3489342846564)
(5.729060388981836, 119.80044926392237)
(5.628449887587083, 118.99996439072706)
(5.468747375611674, 118.13536731958102)
(5.286397224545346, 117.40278757079723)
(5.102128316496213, 117.00704284376081)
(5.102128316496213, 117.00704284376081)
(5.071345522526118, 116.96021915985051)
(5.038765280402733, 116.87523375024809)
(5.007880002897786, 116.76003157615453)
(4.982118253752603, 116.62259828328989)
(4.964793190951005, 116.47098684369118)
(4.964793190951005, 116.47098684369118)
(4.94020572276298, 116.31275826659733)
(4.898559566256085, 116.13767096161055)
(4.844092962551404, 115.95982839875967)
(4.780747980551495, 115.79350269246314)
(4.712153262872935, 115.65315240693016)
(4.712153262872935, 115.65315240693016)
(4.632560930500215, 115.51160634764916)
(4.551391598008414, 115.32836014946325)
(4.474818247906001, 115.1197924653037)
(4.40858643573935, 114.90255209245849)
(4.357972643245256, 114.69357742684103)
(4.357972643245256, 114.69357742684103)
(4.284991907834689, 114.46324743848983)
(4.170832328753552, 114.19635689596595)
(4.026821499432334, 113.90861817162052)
(3.8636328396599278, 113.61616125251024)
(3.691120719287448, 113.3356764167725)
(3.691120719287448, 113.3356764167725)
(3.5216709312654735, 113.08227904690719)
(3.3672632354626892, 112.84022075854875)
(3.2363822385336904, 112.62661698651719)
(3.1369843701962132, 112.45896601588314)
(3.0767952809459564, 112.35492951209581)
(3.0767952809459564, 112.35492951209581)
(3.0341087341934534, 112.26000259931894)
(2.97311457858003, 112.12925946793565)
(2.9005324213154537, 111.97337860264476)
(2.822898050586142, 111.80317174692368)
(2.746476428762731, 111.62964750160934)
(2.746476428762731, 111.62964750160934)
(2.4396048689688414, 110.99398987655663)
(2.052162330935899, 110.23040287220041)
(1.609022147618088, 109.35514439375461)
(1.1330668869978715, 108.38581472190957)
(0.6441940523802668, 107.34216939591735)
(0.6441940523802668, 107.34216939591735)
(0.3883740885104252, 106.75550528434842)
(0.16870729231758394, 106.18393096875197)
(-0.0033648552764776094, 105.6699253497488)
(-0.11862068824995387, 105.25768668782406)
(-0.16878737672024804, 104.99212496667086)
(-0.16878737672024804, 104.99212496667086)
(-0.20445539310661767, 104.76861007958213)
(-0.2724907971226121, 104.47939576190164)
(-0.3644368462582809, 104.14870217389972)
(-0.47249924168939456, 103.80124323212394)
(-0.5898219435418313, 103.46246629508363)
(-0.5898219435418313, 103.46246629508363)
(-0.7043569017182614, 103.14170545964355)
(-0.8043671322945655, 102.84481041005708)
(-0.8847311658189825, 102.593031223457)
(-0.9407748466842657, 102.40799048110625)
(-0.9679077688812802, 102.31137982850137)
PEN UP
(-25.142230982563245, 126.10115557181372)
PEN DOWN
(-25.57941015511641, 125.98761024539849)
(-26.06126431777713, 125.85487848037288)
(-26.55007253129398, 125.71225568930367)
(-27.009691085050697, 125.57067437724518)
(-27.405559200954407, 125.44263654811412)
(-27.405559200954407, 125.44263654811412)
(-27.86533501964119, 125.30779805786013)
(-28.498384478786, 125.13055219539888)
(-29.24118268986624, 124.9214785582764)
(-30.032871519305935, 124.69402156765548)
(-30.816410881885382, 124.46561064483694)
(-30.816410881885382, 124.46561064483694)
(-31.277447533673566, 124.32566663725714)
(-31.73335431114849, 124.18045558000588)
(-32.18407261597377, 124.03000373891186)
(-32.629546565523434, 123.87433795911647)
(-33.06972300018779, 123.7134856259564)
(-33.06972300018779, 123.7134856259564)
(-33.10193887442701, 123.79000908313087)
(-33.13412563063652, 123.86650457557884)
(-33.16628324272972, 123.94297216467291)
(-33.198411684249855, 124.01941191161222)
(-33.2305109283683, 124.09582387742317)
(-33.2305109283683, 124.09582387742317)
(-33.296812221170185, 124.25092809497194)
(-33.37862070174262, 124.45971653829844)
(-33.469417028933435, 124.70270803840833)
(-33.562768018073534, 124.9604877569667)
(-33.6523746327268, 125.21373192257094)
(-33.6523746327268, 125.21373192257094)
(-33.76839574283753, 125.52428567506479)
(-33.93379670273593, 125.94070186190854)
(-34.13176996506371, 126.42390479549185)
(-34.34582996479095, 126.93507862046036)
(-34.55987776477584, 127.43574062463286)
(-34.55987776477584, 127.43574062463286)
(-34.77742592989311, 127.94649901907847)
(-34.984651181715044, 128.4787238730425)
(-35.16604747460003, 128.9918118471634)
(-35.3066949512525, 129.44551269189745)
(-35.39231206816506, 129.79986635295478)
(-35.39231206816506, 129.79986635295478)
(-35.47799677844107, 130.1424653139028)
(-35.60147023378754, 130.55599127558204)
(-35.749984009711945, 131.00464139077914)
(-35.91132970459627, 131.45286628477837)
(-36.07380896629346, 131.86537944280897)
(-36.07380896629346, 131.86537944280897)
(-36.23128907123265, 132.24591252362754)
(-36.363968980892736, 132.58740437560596)
(-36.464886292297905, 132.86946785190656)
(-36.52726596377672, 133.07177599192926)
(-36.544451822546016, 133.17400834146548)
(-36.544451822546016, 133.17400834146548)
(-36.55793788340637, 133.27338558973034)
(-36.60875646077485, 133.4669281882108)
(-36.68958112225649, 133.73395344687492)
(-36.793170878171935, 134.05379681567902)
(-36.91246030977593, 134.40586313398964)
(-36.91246030977593, 134.40586313398964)
(-37.03189565577556, 134.75134113875265)
(-37.13602257143923, 135.0529927172135)
(-37.218187860791396, 135.29270043972576)
(-37.27180051695499, 135.45237473879152)
(-37.290231392142566, 135.51390474566463)
(-37.290231392142566, 135.51390474566463)
(-36.92101775055644, 135.4118047169382)
(-35.99676543953073, 135.05915398651754)
(-34.76066417731423, 134.53985976958353)
(-33.45091300640581, 133.94457297185266)
(-32.29553043032103, 133.37465883727072)
(-32.29553043032103, 133.37465883727072)
(-31.394941696728697, 132.91833648858943)
(-30.181702495477868, 132.30424994029863)
(-28.7746321395655, 131.57820670635078)
(-27.28784618573402, 130.7903989627387)
(-25.829333812858412, 129.99677139679488)
(-25.829333812858412, 129.99677139679488)
(-24.468945722199518, 129.23068347883577)
(-23.256884803546395, 128.5183993180715)
(-22.264481588601328, 127.9118768468333)
(-21.561108694643053, 127.4647884610236)
(-21.216093889532768, 127.23070986315285)
(-21.216093889532768, 127.23070986315285)
(-21.13235062907588, 127.16412824998876)
(-21.048693663707738, 127.09748336094678)
(-20.965122696282258, 127.03077527293476)
(-20.881637430144675, 126.96400406215622)
(-20.798237569133295, 126.89716980411205)
(-20.798237569133295, 126.89716980411205)
(-21.12090202907307, 126.85667913522967)
(-21.442041287119817, 126.81413100489961)
(-21.76163372004785, 126.76952882006589)
(-22.07965799857918, 126.72287613793705)
(-22.396093094920808, 126.67417666375508)
(-22.396093094920808, 126.67417666375508)
(-22.949701540359648, 126.58330253264876)
(-23.547655728420658, 126.47071323643884)
(-24.14241050216413, 126.34510931892486)
(-24.688444531605292, 126.21753085955713)
(-25.142230982563245, 126.10115557181372)
PEN UP
(None, None)
PEN UP
END
