START
(-7.343125868603451, 188.13911444765637)
PEN DOWN
(0.6174048761537928, 178.08893155065982)
(4.851131652460823, 174.4812771871105)
(9.717656120120816, 172.40803762776414)
(13.717573496770386, 175.35048934579038)
(14.41172437869664, 188.14851748712022)
(16.315359138489566, 175.95513910415485)
(14.282757168238506, 169.9029670646411)
(7.288924495104829, 170.4339577868936)
(2.492520715098708, 173.98906142245988)
(-3.995028405734667, 181.18481175718466)
(-16.306986846001102, 196.6630735202012)
(-15.251272199570453, 197.953540694643)
(-7.343125868603464, 188.13911444765634)
PEN UP
(6.17642773802011, 228.55237194437214)
PEN DOWN
(13.515645291365747, 223.62355782203974)
(19.747239476585168, 215.22160053825894)
(26.605555759021605, 193.24796432816123)
(24.88420526484453, 190.75910861430984)
(18.806207553573376, 190.26460437719876)
(8.922800999695353, 193.28388191540438)
(8.071762921768824, 188.17745455248982)
(10.215175215396336, 183.17210772713935)
(5.46053301337962, 186.06631818323356)
(3.4346775888261365, 183.45974156857307)
(1.743489258500604, 184.84177006291165)
(2.2648036483722698, 188.2883459441544)
(6.042982990426588, 188.3877560183313)
(6.525793598396575, 195.13789708716877)
(-9.556839492533515, 221.5389741582404)
(-18.075475673683297, 221.61812797043675)
(-21.567522629536054, 212.0638774295366)
(-9.27888645557585, 211.70205766685655)
(-5.500065110401376, 207.16077945589998)
(-6.151279951240738, 203.84054983269243)
(-19.497751933343842, 198.67053595005368)
(-30.594384852598775, 198.50764945780946)
(-21.21147745063768, 179.89766965907998)
(-22.62218660419386, 179.61923089998416)
(-32.96240169336088, 200.38035286302053)
(-30.46288917377356, 202.8645808781797)
(-20.147083280228355, 201.62514912025722)
(-7.779529525140156, 206.89044396777808)
(-9.477509316310602, 209.49839832885596)
(-22.18087042479653, 209.29114078329525)
(-24.003938435868175, 210.50793106357554)
(-21.11699415149552, 223.42798888434086)
(-2.4177695057702, 222.74914124298718)
(-0.9671703301795354, 225.00115581753667)
(-28.056829393856734, 228.39173933971887)
(-29.387814707958984, 230.72430972661297)
(0.4124525281322507, 228.0947076239204)
(2.7634484647999527, 229.7688660366332)
(1.1495461862199534, 231.57339379512445)
(-34.85017203965956, 233.75332947924122)
(-39.844412789867505, 230.33053048308273)
(-41.36436802189469, 217.6418664910039)
(-47.232937518585516, 212.20676512790078)
(-31.201771148702615, 180.3671918028566)
(-32.50080401955832, 179.8700990089807)
(-50.005048897723306, 213.0915613858097)
(-44.089233123029075, 219.34755919835584)
(-40.85540501474521, 234.24410962675793)
(-0.0411681471176358, 234.2715374250495)
(4.6666727148228055, 232.17009286010241)
(6.176427738020085, 228.55237194437217)
PEN UP
(24.01557068778132, 194.11634198675637)
PEN DOWN
(18.626641346703373, 212.01245898132214)
(10.343999484386384, 223.50756383387744)
(5.1903812403433855, 226.60192233358273)
(1.5925631279957082, 225.637047322864)
(0.9231992518698648, 220.89636467649197)
(-6.436905169298287, 221.09757956163878)
(7.64334793742035, 197.12736815876707)
(14.143653683677686, 193.58454646301453)
(24.01557068778131, 194.11634198675637)
PEN UP
PEN DOWN
PEN UP
END
