START
(41.560260312484566, 33.77753614307229)
PEN DOWN
(41.29162889237134, 34.25014494255035)
(40.77903673590499, 35.12484719558565)
(40.088170479579595, 36.2856980118014)
(39.28194350857101, 37.62228279589424)
(38.417714036705895, 39.03555551511877)
(38.417714036705895, 39.03555551511877)
(37.460347235617064, 40.58622309375898)
(36.390483187231446, 42.30779548386665)
(35.30129377840217, 44.04670286475135)
(34.27522049238209, 45.67235981620174)
(33.38662935282271, 47.07193180305958)
(33.38662935282271, 47.07193180305958)
(32.51963516102258, 48.41696039887791)
(31.56445519123039, 49.8748424870223)
(30.599415315766112, 51.32394013289432)
(29.696924937189454, 52.65611099755113)
(28.92491556272423, 53.773880011814924)
(28.92491556272423, 53.773880011814924)
(28.02943191422565, 55.066621588195936)
(26.801822609499904, 56.8320687964387)
(25.36851522414699, 58.87151556428668)
(23.846843827394306, 61.00739513326182)
(22.344607919692372, 63.085834174005015)
(22.344607919692372, 63.085834174005015)
(17.40492845506729, 69.67432251365057)
(13.216375768985596, 74.92630036177452)
(9.869747106721848, 78.89330231083946)
(7.499106762610406, 81.56984021471403)
(6.266705915152795, 82.89874279484346)
(6.266705915152795, 82.89874279484346)
(5.8868357920213015, 83.2956894852949)
(5.447734367056615, 83.7638317552288)
(4.985421271208448, 84.26267270263297)
(4.535784769176477, 84.7529344421092)
(4.134599435331007, 85.19656906239594)
(4.134599435331007, 85.19656906239594)
(3.9152253052660924, 85.44236118132807)
(3.6959299422887204, 85.68723129185882)
(3.47670893371798, 85.93118478104034)
(3.257557916481778, 86.17422692709054)
(3.0384725761887292, 86.41636290137969)
(3.0384725761887292, 86.41636290137969)
(3.0441752573771983, 87.2844902830587)
(3.0632100990385314, 88.13865035296979)
(3.09555293262548, 88.97905783898051)
(3.1411881385847806, 89.8059087822972)
(3.2001079165854422, 90.61938167245222)
(3.2001079165854422, 90.61938167245222)
(3.326690770189871, 91.90382813770862)
(3.4813145668172014, 93.0447516449007)
(3.642576014120255, 93.97873801250206)
(3.7841990513814734, 94.64675748819823)
(3.878634975902531, 94.99077891823215)
(3.878634975902531, 94.99077891823215)
(4.100475686105466, 95.79182989339881)
(4.516054038730359, 97.35692789981547)
(5.130694485325458, 99.32910828202134)
(5.914413856466038, 101.38559782817168)
(6.7747616202156005, 103.26052217195202)
(6.7747616202156005, 103.26052217195202)
(7.08916194803817, 103.8535203427905)
(7.378358322814527, 104.33793811803584)
(7.636515590496828, 104.7179239813317)
(7.858715493529611, 104.99686392372084)
(8.040993038082254, 105.17735829650618)
(8.040993038082254, 105.17735829650618)
(8.218639945111319, 105.33984529442034)
(8.402697690697533, 105.54918583606865)
(8.603604831379037, 105.81641296801823)
(8.832739690768147, 106.15174087140322)
(9.102745062311234, 106.56429625547966)
(9.102745062311234, 106.56429625547966)
(9.547479679237016, 107.2128710612543)
(9.91053505248602, 107.6815422823483)
(10.221867182649742, 108.02489134222027)
(10.51759676162147, 108.29211822546024)
(10.837984140700925, 108.5286866495686)
(10.837984140700925, 108.5286866495686)
(11.006987125955744, 108.6449775680274)
(11.155707663352281, 108.7690382788452)
(11.282307347269454, 108.89861762663374)
(11.384879872377018, 109.03150134306689)
(11.461462301900283, 109.1654973274698)
(11.461462301900283, 109.1654973274698)
(11.602376638904682, 109.3808229510556)
(11.84112780722199, 109.52951095297959)
(12.235944876898595, 109.62550058950005)
(12.847152180805692, 109.67886256422315)
(13.73820503763334, 109.69323182367104)
(13.73820503763334, 109.69323182367104)
(14.241244237561437, 109.67994967533552)
(14.626114371353928, 109.64208558018109)
(14.959773247558351, 109.56714608932482)
(15.310180626099232, 109.4401628355808)
(15.745743069485666, 109.2442392403898)
(15.745743069485666, 109.2442392403898)
(16.539162731471517, 108.83448497318838)
(17.333564241249665, 108.3590436956441)
(18.102490672390058, 107.83581033366244)
(18.820048533000246, 107.28360613785833)
(19.46093020934601, 106.72197932623365)
(19.46093020934601, 106.72197932623365)
(19.736743798884685, 106.4615029025835)
(19.990161459409144, 106.21389120782207)
(20.204704184087646, 105.9964712995306)
(20.36394734759596, 105.82670965407988)
(20.45147990658807, 105.72211131618536)
(20.45147990658807, 105.72211131618536)
(20.500675212021996, 105.65678558416403)
(20.553343087793607, 105.59571031894613)
(20.605712683473772, 105.54264900189128)
(20.654020172756166, 105.50137304107348)
(20.694508328039376, 105.47566068214982)
(20.694508328039376, 105.47566068214982)
(20.919859670916274, 105.31805784113011)
(21.269531762411358, 104.9460504980181)
(21.74889117695633, 104.35144872614177)
(22.363557330030037, 103.52485660488311)
(23.119484692925376, 102.45545732069301)
(23.119484692925376, 102.45545732069301)
(23.76705277471143, 101.51110797381801)
(24.17430147048331, 100.90188942248477)
(24.390113748698315, 100.55395528158068)
(24.46332292802926, 100.3905441152451)
(24.442786641931065, 100.33330584882074)
(24.442786641931065, 100.33330584882074)
(24.409912918181657, 100.30244721552427)
(24.40114479536534, 100.2766689954593)
(24.421360436549204, 100.24968841748883)
(24.47547277068848, 100.21514853203921)
(24.568417799790566, 100.16660119729288)
(24.568417799790566, 100.16660119729288)
(24.672767860067115, 100.13559436410846)
(24.795039226437865, 100.14023941436831)
(24.94454953175583, 100.1837806663696)
(25.130971484661185, 100.26904454360246)
(25.36448243409183, 100.39826327841278)
(25.36448243409183, 100.39826327841278)
(25.55352377250316, 100.50249554001967)
(25.72886279552876, 100.58444712127574)
(25.878274408615148, 100.64083724979766)
(25.989442239306964, 100.66855464289587)
(26.050109007448782, 100.66446866469366)
(26.050109007448782, 100.66446866469366)
(26.41344587455014, 100.19396798720825)
(27.170771563307255, 99.07009240684322)
(28.18767508894086, 97.48993848339009)
(29.330731989684164, 95.65404537571827)
(30.465698987806565, 93.77243303688282)
(30.465698987806565, 93.77243303688282)
(32.11477833049582, 90.83070714752257)
(33.353521797524714, 88.27107274294902)
(34.21608871005584, 86.033892998885)
(34.73915822793386, 84.04673660986266)
(34.96403596761779, 82.22397850540958)
(34.96403596761779, 82.22397850540958)
(34.98461371041482, 81.96734148686997)
(35.01077581517112, 81.71139514767682)
(35.0410363975476, 81.47281255927128)
(35.073702750690806, 81.26850736394962)
(35.10695271020091, 81.11554753770636)
(35.10695271020091, 81.11554753770636)
(35.15971926050562, 80.76033847418948)
(35.167515936970695, 80.31346235349979)
(35.13869779063823, 79.85754036105395)
(35.078906511847514, 79.47828177050388)
(34.991051255991856, 79.264583336043)
(34.991051255991856, 79.264583336043)
(34.94004279019585, 79.1956788025006)
(34.88663215044608, 79.09119259827185)
(34.835063388923125, 78.9602586361399)
(34.78945102885451, 78.8121782653482)
(34.7537374418342, 78.65646864674355)
(34.7537374418342, 78.65646864674355)
(34.67440034848929, 78.39741368969639)
(34.5496555802586, 78.18473865078289)
(34.38160939610348, 78.0204879252744)
(34.172285681876076, 77.90673019550074)
(33.9236286122237, 77.84556974065194)
(33.9236286122237, 77.84556974065194)
(33.84408769184479, 77.82885857818522)
(33.74339951043736, 77.79566237717958)
(33.6307886416728, 77.74973292574559)
(33.51536618620496, 77.695016526799)
(33.406084312122445, 77.63572005630957)
(33.406084312122445, 77.63572005630957)
(33.057164988313325, 77.50932528079363)
(32.63763047754432, 77.47165986943155)
(32.176390820639924, 77.5194147402296)
(31.70147557981547, 77.65111410290187)
(31.240262158054282, 77.86695233499)
(31.240262158054282, 77.86695233499)
(30.615631430912973, 78.23582117532347)
(29.97530557990708, 78.62844715270249)
(29.3910047485369, 78.99912601964468)
(28.93354699267985, 79.30598385071673)
(28.673330428847446, 79.50927052771938)
(28.673330428847446, 79.50927052771938)
(28.591158189529096, 79.5895908995354)
(28.488215664480887, 79.68708697145868)
(28.372728104554096, 79.7939555064492)
(28.252911131129654, 79.9024569704878)
(28.1369685393579, 80.00492997350173)
(28.1369685393579, 80.00492997350173)
(27.713109922177058, 80.39611767637103)
(27.271229347785113, 80.84124130428118)
(26.821236747156675, 81.3299242226527)
(26.37305675590774, 81.85207227350375)
(25.936633647990146, 82.39787527146866)
(25.936633647990146, 82.39787527146866)
(25.803946573610826, 82.5652475084774)
(25.659800083227093, 82.7443804747037)
(25.515861385039983, 82.9205509242172)
(25.383776528933883, 83.07917336596593)
(25.27517508102957, 83.20578249892445)
(25.27517508102957, 83.20578249892445)
(24.9648112956788, 83.57894278859317)
(24.584222189120037, 84.0711504758799)
(24.075285882636038, 84.76062731797298)
(23.38054732234908, 85.72215969422126)
(22.44341801012786, 87.02534877998727)
(22.44341801012786, 87.02534877998727)
(21.898186533203635, 87.77413586627989)
(21.41373656130779, 88.42903321067601)
(21.020687635351837, 88.95149367307208)
(20.749683865334525, 89.3034285001743)
(20.631463160531098, 89.44656766370223)
(20.631463160531098, 89.44656766370223)
(20.53412110701758, 89.56752124140515)
(20.32164364742706, 89.85601593981961)
(20.018779263640987, 90.2775407081539)
(19.65029683148645, 90.79757173957482)
(19.2409227115996, 91.38197240398046)
(19.2409227115996, 91.38197240398046)
(18.72679884381655, 92.10625323819966)
(18.079640316535244, 93.00546918948541)
(17.355907680653605, 93.9978579997711)
(16.611711268593965, 95.00432228077639)
(15.902946882194414, 95.94875211681317)
(15.902946882194414, 95.94875211681317)
(14.9970053597607, 97.13707432765952)
(14.394543896440158, 97.90962968334928)
(14.030069741188624, 98.3558423160668)
(13.838118001743522, 98.55989083633445)
(13.753159775305082, 98.6031285165631)
(13.753159775305082, 98.6031285165631)
(13.709966718115979, 98.49419160651355)
(13.895068354086753, 98.14311579539223)
(14.391455706647648, 97.42776609968824)
(15.281980402994785, 96.21901465040278)
(16.64994576810327, 94.37508971922479)
(16.64994576810327, 94.37508971922479)
(19.115657012941128, 91.01640941670358)
(21.35447814017374, 87.94663432706929)
(23.267038772331073, 85.32888260970832)
(24.74848059125462, 83.34107127683194)
(25.690608030676188, 82.16735898420852)
(25.690608030676188, 82.16735898420852)
(25.840060969083122, 81.99665263976665)
(26.008941619785425, 81.79674465394054)
(26.184171979974714, 81.58384091214958)
(26.352647136736014, 81.37432868274071)
(26.50123080441716, 81.1847815229992)
(26.50123080441716, 81.1847815229992)
(27.035707673317734, 80.56096202380567)
(27.731919884741554, 79.85524338059126)
(28.495908265395094, 79.14913202377903)
(29.23321641657462, 78.52906896130149)
(29.84861305485689, 78.0871036320732)
(29.84861305485689, 78.0871036320732)
(30.694593450209965, 77.5733837813985)
(31.47631421612583, 77.1254113443325)
(32.13042250330701, 76.77944287799659)
(32.59238722492368, 76.57536705989307)
(32.79710902435628, 76.55424368233793)
(32.79710902435628, 76.55424368233793)
(32.83265627996125, 76.57419612152316)
(32.90755592328233, 76.59290442106234)
(33.01363050650792, 76.60916796138352)
(33.14267645059175, 76.62181869454018)
(33.286414706167335, 76.62982003899431)
(33.286414706167335, 76.62982003899431)
(33.44168224822184, 76.64344129328967)
(33.606464769176185, 76.67603945800768)
(33.768173063597345, 76.72324655535532)
(33.91395088363553, 76.78116177939118)
(34.030672097894275, 76.84633545431743)
(34.030672097894275, 76.84633545431743)
(34.14440459454341, 76.91984700347538)
(34.28332607210778, 76.99933280709762)
(34.437114597842545, 77.07673346837471)
(34.59514720576988, 77.1444507964832)
(34.74648557319256, 77.19538358527149)
(34.74648557319256, 77.19538358527149)
(34.9372430960266, 77.2687682724017)
(35.07224370808306, 77.34955929627444)
(35.16924201781802, 77.4596624948381)
(35.24667164368019, 77.61993337535657)
(35.32369691416144, 77.850204618485)
(35.32369691416144, 77.850204618485)
(35.37470837828354, 78.03112991878696)
(35.43189772479926, 78.21291915097981)
(35.4908172256754, 78.38214430201772)
(35.54673016904064, 78.52574212857205)
(35.59467458979292, 78.63093600087313)
(35.59467458979292, 78.63093600087313)
(35.6705824045983, 78.90670732488822)
(35.71935321827514, 79.26542793353971)
(35.74012717690531, 79.67108486207358)
(35.73100475833066, 80.08886572665853)
(35.6890496142051, 80.48512961873585)
(35.6890496142051, 80.48512961873585)
(35.65703287386992, 80.69326892559951)
(35.624757400959595, 80.95431432148241)
(35.59495269845302, 81.24480858034003)
(35.570050960252566, 81.54164678194799)
(35.55210984609344, 81.82215983255124)
(35.55210984609344, 81.82215983255124)
(35.481603601432894, 82.53774581650201)
(35.337773582753094, 83.39795214074192)
(35.140446180537346, 84.31925546199419)
(34.90629835725831, 85.22170555804948)
(34.64913949681148, 86.02860991881383)
(34.64913949681148, 86.02860991881383)
(34.38926109534868, 86.71201043856992)
(34.049111000363595, 87.5359602826663)
(33.65380291377788, 88.44443922610847)
(33.22741239012185, 89.3829808469138)
(32.79292822476181, 90.29884782483816)
(32.79292822476181, 90.29884782483816)
(31.968641085297556, 91.82205034255949)
(30.61341687368844, 94.17145051981873)
(29.045952785080235, 96.78978321057942)
(27.571328839114074, 99.16015094763414)
(26.48676438714929, 100.80214075728938)
(26.48676438714929, 100.80214075728938)
(26.419476336494697, 100.90286490200282)
(26.352503594483444, 101.00801383562612)
(26.290578438164456, 101.1096706113411)
(26.23842849557212, 101.19994123928458)
(26.200775646123798, 101.27094952787596)
(26.200775646123798, 101.27094952787596)
(26.144821929374107, 101.34143427968742)
(26.05055651500725, 101.37476837712417)
(25.898902877610823, 101.3677942530338)
(25.671408379906932, 101.3165186583866)
(25.35063922226815, 101.21558724749264)
(25.35063922226815, 101.21558724749264)
(25.201350392786555, 101.16555257777732)
(25.052692820647167, 101.11462887730742)
(24.904669203552036, 101.06281657251623)
(24.757282217120764, 101.01011609336453)
(24.610534514750565, 100.95652787313978)
(24.610534514750565, 100.95652787313978)
(24.538369104406073, 101.0610798219932)
(24.466204527519302, 101.16554189277201)
(24.394040516655146, 101.2699143362864)
(24.321876804524305, 101.37419740187855)
(24.249713123976022, 101.47839133743135)
(24.249713123976022, 101.47839133743135)
(24.099313798470583, 101.7004401598117)
(23.895191041139018, 102.0070728564395)
(23.655833752656584, 102.3690108792665)
(23.399711635622896, 102.75720227959046)
(23.145270042336104, 103.1429065039234)
(23.145270042336104, 103.1429065039234)
(22.78654898432808, 103.68560539958276)
(22.494591862483507, 104.09796066748073)
(22.203570715767228, 104.4645417090977)
(21.84754592781971, 104.86862747680902)
(21.3602202810592, 105.39203415886946)
(21.3602202810592, 105.39203415886946)
(20.22038923882948, 106.54504442641392)
(19.18661652027572, 107.49513015846286)
(18.210773646920067, 108.2864421093861)
(17.24434020617653, 108.95993379977634)
(16.238533799509405, 109.55354982453503)
(16.238533799509405, 109.55354982453503)
(15.612541959715733, 109.86992143082054)
(15.051579247458161, 110.0862371110365)
(14.487324688899875, 110.21977435665823)
(13.852426096431241, 110.28456893821094)
(13.081510591119578, 110.29038555102622)
(13.081510591119578, 110.29038555102622)
(12.307405010101274, 110.2478915765098)
(11.736192789099537, 110.16598787721355)
(11.33812812626443, 110.0443575578177)
(11.08495631375882, 109.87935252828018)
(10.949540863733496, 109.66498159297909)
(10.949540863733496, 109.66498159297909)
(10.889152596737517, 109.53034102537917)
(10.80391884637149, 109.40942690399703)
(10.687796926189746, 109.29526951502596)
(10.534956863647466, 109.1806682179236)
(10.339843788322414, 109.05811679699158)
(10.339843788322414, 109.05811679699158)
(10.142447912245776, 108.92316919080595)
(9.924242045574262, 108.73504744375327)
(9.693170607320758, 108.49936539423494)
(9.456983564252717, 108.22195614519339)
(9.223105211007583, 107.90897046178002)
(9.223105211007583, 107.90897046178002)
(9.018534856286314, 107.62107768091532)
(8.821777531561024, 107.34204270598825)
(8.645982903914136, 107.09257494229597)
(8.503392363643187, 106.89417155158353)
(8.405737474684402, 106.76878004991421)
(8.405737474684402, 106.76878004991421)
(8.263276221183263, 106.60070204216575)
(8.005247494912338, 106.2846732817814)
(7.665407208386438, 105.84778033678664)
(7.27691269089231, 105.31770184536987)
(6.870523063363067, 104.72433301432261)
(6.870523063363067, 104.72433301432261)
(6.271885440144949, 103.74696056518623)
(5.85285243268536, 102.9577088714138)
(5.531957226065764, 102.23891321392814)
(5.245365638423369, 101.45724280774174)
(4.94445801465088, 100.46600623002574)
(4.94445801465088, 100.46600623002574)
(4.793045184157354, 99.91894760899287)
(4.663392596057339, 99.47417209956045)
(4.502016311608065, 98.9791627393742)
(4.265385269210396, 98.27243594716211)
(3.926475937409108, 97.17734689898256)
(3.926475937409108, 97.17734689898256)
(3.7686539390141776, 96.64915820323539)
(3.6301032155705126, 96.18024132469361)
(3.5166696686041767, 95.80242226758267)
(3.433483986896567, 95.54823996640373)
(3.385851390281227, 95.45010906448985)
(3.385851390281227, 95.45010906448985)
(3.3275753915615476, 95.27581376640462)
(3.2185542128039275, 94.79635254410891)
(3.079491898635825, 94.05951219072546)
(2.932011402765874, 93.11210077061841)
(2.795636018987517, 92.00270944705505)
(2.795636018987517, 92.00270944705505)
(2.685447466670528, 90.83672210129413)
(2.6058073834642377, 89.72679309601999)
(2.553983856817595, 88.75490411312585)
(2.522655433376253, 88.0079286013469)
(2.5027496440458243, 87.5748168688737)
(2.5027496440458243, 87.5748168688737)
(2.4853355610529753, 87.05712465935362)
(2.5817402433267413, 86.6343357348057)
(2.899290181251919, 86.13814316252513)
(3.5479154635478065, 85.39316267275129)
(4.6395080592901055, 84.21224246237632)
(4.6395080592901055, 84.21224246237632)
(7.0358103996512735, 81.57422681046376)
(10.258913904512749, 77.88961125316025)
(13.620989237575085, 73.8684616002794)
(16.400503259020674, 70.41132679126537)
(17.81930328602388, 68.6161875369685)
(17.81930328602388, 68.6161875369685)
(17.96627821763119, 68.43500804238398)
(18.11342455362402, 68.25324310514324)
(18.260744601623436, 68.07088867590734)
(18.40824069962811, 67.88794064400935)
(18.55591521659855, 67.70439483627655)
(18.55591521659855, 67.70439483627655)
(18.61717539327325, 67.54258764028094)
(18.67865394093386, 67.38041790830864)
(18.74035204977158, 67.21788305908977)
(18.80227092593381, 67.05498048013055)
(18.864411791783187, 66.89170752719238)
(18.864411791783187, 66.89170752719238)
(19.008727590285936, 66.49451409627063)
(19.227947544629945, 65.88227715888607)
(19.503575883622734, 65.10961337190275)
(19.81646203980746, 64.23216991370732)
(20.146086358711724, 63.30780893465373)
(20.146086358711724, 63.30780893465373)
(20.47430972709247, 62.39209295541352)
(20.782140236516955, 61.55046356515341)
(21.047411576545105, 60.8403073154955)
(21.246876193969992, 60.32094687651649)
(21.357058486749075, 60.05219620142959)
(21.357058486749075, 60.05219620142959)
(21.510455704586445, 59.65638091036056)
(21.847925657907737, 58.757216957556665)
(22.34351013874453, 57.43575401916906)
(22.97293623986245, 55.769772944686636)
(23.710645121699393, 53.83878793776887)
(23.710645121699393, 53.83878793776887)
(25.154343662526944, 50.155487337153616)
(26.530633081999003, 46.75891258136064)
(27.801462465289006, 43.71623231366632)
(28.924037093213844, 41.10627882411737)
(29.852379585260252, 39.01619965698352)
(29.852379585260252, 39.01619965698352)
(30.138864995012646, 38.38163282922759)
(30.473526119405616, 37.63717442940362)
(30.832190844278276, 36.838124229466644)
(31.188492360617307, 36.044058794454415)
(31.513432653243473, 35.319698203805714)
(31.513432653243473, 35.319698203805714)
(32.119661492155146, 33.98037443132101)
(32.63543575342318, 32.8724567314712)
(33.04682091315869, 32.0229543989393)
(33.34152234624153, 31.455823147301874)
(33.510116796336625, 31.18949947079048)
(33.510116796336625, 31.18949947079048)
(33.548179675670376, 31.17311032786472)
(33.581364076511974, 31.20012458973665)
(33.606793130102155, 31.266853250241272)
(33.62162280823979, 31.36954801920152)
(33.62298597551365, 31.504502890018905)
(33.62298597551365, 31.504502890018905)
(33.63152670904268, 31.654521646329123)
(33.657893643807945, 31.80181682355956)
(33.6993767128188, 31.935667630670448)
(33.75297277506069, 32.04589280804328)
(33.815400557641205, 32.122826184180894)
(33.815400557641205, 32.122826184180894)
(33.932421470360765, 32.34428497831959)
(34.04604200477463, 32.70258726717898)
(34.14833436783063, 33.13794137662341)
(34.227533868211964, 33.597681833673185)
(34.26761363759708, 34.037004289303)
(34.26761363759708, 34.037004289303)
(34.287112114930416, 34.17936098810693)
(34.32456824298732, 34.331982150774465)
(34.377118302713, 34.481843057964355)
(34.441541676565095, 34.616570115954374)
(34.51423445349261, 34.7244925071286)
(34.51423445349261, 34.7244925071286)
(34.59812685682536, 34.84974630228534)
(34.69436711086879, 35.03089718627605)
(34.79604598781966, 35.24909670713993)
(34.89544869222266, 35.48699559126028)
(34.983848505170364, 35.729118414498245)
(34.983848505170364, 35.729118414498245)
(35.07579626176086, 35.96250111267839)
(35.1710242145418, 36.19822090233478)
(35.26373810654963, 36.41677770037996)
(35.34719538944578, 36.600405274885546)
(35.41396602547395, 36.732594522491986)
(35.41396602547395, 36.732594522491986)
(35.80392818404086, 37.48496343401128)
(36.19130685053131, 38.14780478066223)
(36.54853498145508, 38.70601413283358)
(36.84414279036298, 39.15166114996531)
(37.04499148431853, 39.47989255279198)
(37.04499148431853, 39.47989255279198)
(37.156786407339176, 39.649372210691155)
(37.27241558668863, 39.75289192720788)
(37.38969568492332, 39.79143318959613)
(37.50672608964358, 39.76548367011945)
(37.621912293641614, 39.67499685868837)
(37.621912293641614, 39.67499685868837)
(37.79156926193241, 39.46056114331994)
(38.0392526263074, 39.09717139548644)
(38.4055946331827, 38.52099965376317)
(38.934554051417294, 37.6612586563943)
(39.676043867060756, 36.434764014255165)
(39.676043867060756, 36.434764014255165)
(40.27261476420028, 35.439636806339635)
(40.82686657407378, 34.51439038801338)
(41.29999148176254, 33.72548212680025)
(41.65069972533464, 33.14447659406472)
(41.83676284932309, 32.844851662300904)
(41.83676284932309, 32.844851662300904)
(41.98859304833204, 32.65465346344919)
(42.020750450025595, 32.704447990876545)
(41.94895790796966, 32.943450024307396)
(41.78995054534567, 33.31871751585378)
(41.560260312484566, 33.77753614307229)
PEN UP
(36.48335163261113, 41.06488136023954)
PEN DOWN
(36.41607104916352, 41.0597229580497)
(36.31906633071432, 40.99294424598232)
(36.20213060388932, 40.87248274614288)
(36.07506032383099, 40.70629800737138)
(35.947315616252595, 40.50298237705424)
(35.947315616252595, 40.50298237705424)
(35.818221460916185, 40.28402953391337)
(35.6879037214504, 40.07399952801886)
(35.5658711912367, 39.888193836818466)
(35.46076325820156, 39.74350284094408)
(35.38067193360379, 39.65782434032346)
(35.38067193360379, 39.65782434032346)
(35.30962755073089, 39.60782834476827)
(35.241944429230344, 39.551861095762526)
(35.18259486662198, 39.49295249890171)
(35.13642709332103, 39.434363668308734)
(35.10819656793709, 39.37952564219525)
(35.10819656793709, 39.37952564219525)
(34.901811284915475, 38.887240492145)
(34.741146320032, 38.49112549267657)
(34.615953913360244, 38.199335458482636)
(34.517980730211, 38.016432855195255)
(34.440831464671184, 37.943634157384615)
(34.440831464671184, 37.943634157384615)
(34.39307626973869, 37.92096918270369)
(34.34725685532426, 37.86692753831738)
(34.307207376991066, 37.78647480639653)
(34.276677686064865, 37.68473278700384)
(34.25929788647042, 37.567039908440265)
(34.25929788647042, 37.567039908440265)
(34.23503318405973, 37.43791875809129)
(34.19611429203845, 37.29760262577709)
(34.146999617725655, 37.15563344521143)
(34.091854362115384, 37.02208338126773)
(34.03451851637322, 36.90761656296775)
(34.03451851637322, 36.90761656296775)
(33.95738006655943, 36.75363642379889)
(33.84997546423789, 36.505196506856784)
(33.726651205527, 36.17884131833179)
(33.60094830307895, 35.79259909259017)
(33.484796804737236, 35.367448725879605)
(33.484796804737236, 35.367448725879605)
(33.379152386190405, 34.943769070159064)
(33.28129697412653, 34.564577165589526)
(33.19482202728765, 34.25999962453166)
(33.122196956514195, 34.06224376038595)
(33.06585483055773, 34.00360753171283)
(33.06585483055773, 34.00360753171283)
(33.016736947999945, 33.99764823262537)
(32.95920184602482, 33.96430746748142)
(32.89815730300532, 33.9076691654807)
(32.83843486226479, 33.83196687977305)
(32.78472435620706, 33.74170394612136)
(32.78472435620706, 33.74170394612136)
(32.754582047054896, 33.68349349675817)
(32.72470962702625, 33.62477986335931)
(32.69510840954228, 33.56556065519186)
(32.66577972687348, 33.50583344336273)
(32.63672493049313, 33.44559576010934)
(32.63672493049313, 33.44559576010934)
(32.4183041643619, 33.92481980990749)
(32.20320376120375, 34.39751064647894)
(31.991291083928584, 34.8639339418901)
(31.782442229005884, 35.324337902992326)
(31.576541243876914, 35.7789548366088)
(31.576541243876914, 35.7789548366088)
(31.201681529532067, 36.61158087576204)
(30.788246399183393, 37.53730159169359)
(30.37141620406714, 38.478346301375915)
(29.982772341091653, 39.363978831534006)
(29.650845218442285, 40.12938886649724)
(29.650845218442285, 40.12938886649724)
(29.3504396187551, 40.82506703549043)
(29.053315953938146, 41.509597941534864)
(28.78052591958742, 42.13593804485604)
(28.55182233497167, 42.65955446521794)
(28.386164309042464, 43.03744524364312)
(28.386164309042464, 43.03744524364312)
(28.211245474492607, 43.432604245463835)
(27.969024429670178, 43.99475974124663)
(27.68406757716515, 44.66754733868032)
(27.379852456447665, 45.396717901316585)
(27.078324999751405, 46.13095912912091)
(27.078324999751405, 46.13095912912091)
(26.78366206259346, 46.858856972587546)
(26.48335338241635, 47.602277264215)
(26.200275838651578, 48.30533243544479)
(25.955662650661953, 48.91519613689063)
(25.769575256304513, 49.38120405862143)
(25.769575256304513, 49.38120405862143)
(25.538342614563522, 49.955569503161065)
(25.183774295125797, 50.8519468894998)
(24.74790053197455, 51.96871061910297)
(24.27030162699339, 53.20888121393888)
(23.786656719039748, 54.482695541701545)
(23.786656719039748, 54.482695541701545)
(23.293637475411174, 55.7813300379116)
(22.80236736156116, 57.081685070967524)
(22.347582731324188, 58.29025263456575)
(21.959916607321617, 59.32064663560357)
(21.66731005278867, 60.09103369272374)
(21.66731005278867, 60.09103369272374)
(21.403368940303267, 60.78441623674636)
(21.10196291676459, 61.589506120799975)
(20.789236324256628, 62.4367571342136)
(20.48938450544988, 63.259970585445174)
(20.22467218945205, 63.99619279433022)
(20.22467218945205, 63.99619279433022)
(19.992702707391818, 64.65332507439773)
(19.77446566562649, 65.2687628947781)
(19.58370743254228, 65.80224964344012)
(19.433542462473678, 66.21454928724636)
(19.33684004824608, 66.46681986919309)
(19.33684004824608, 66.46681986919309)
(19.30139520429851, 66.55821231068674)
(19.266019344827665, 66.64948824614785)
(19.23071225000088, 66.74064814764253)
(19.195473701618507, 66.83169248403337)
(19.16030348309896, 66.92262172100915)
(19.16030348309896, 66.92262172100915)
(19.61792005501051, 66.30535121644323)
(20.077646910928568, 65.68176010965338)
(20.53957667657533, 65.05168136961018)
(21.00380624330892, 64.41493928797216)
(21.470437071680355, 63.771348871968634)
(21.470437071680355, 63.771348871968634)
(23.27217089487742, 61.27835402167573)
(25.28198771204729, 58.46035376233658)
(27.341787420142385, 55.52553303782855)
(29.27532263467994, 52.72960551430327)
(30.881592158731582, 50.387029338072615)
(30.881592158731582, 50.387029338072615)
(31.39499290625005, 49.63386591829757)
(31.866593646773673, 48.93135888937179)
(32.26344639869732, 48.33076718839507)
(32.55165157115669, 47.885440072604915)
(32.69696347820096, 47.649422205808065)
(32.69696347820096, 47.649422205808065)
(32.83623942316989, 47.417130605838636)
(33.09784898039395, 46.99583690609454)
(33.457469346055156, 46.4233108588328)
(33.89074782886232, 45.73739108381949)
(34.37278930976471, 44.977123830771575)
(34.37278930976471, 44.977123830771575)
(34.86160499083275, 44.19791182900927)
(35.32397636957673, 43.45336950808159)
(35.727645980286184, 42.79645173665538)
(36.038994562034546, 42.28299977424109)
(36.22366092154402, 41.97038914092266)
(36.22366092154402, 41.97038914092266)
(36.407091393292745, 41.62429997066606)
(36.530279167715285, 41.34392201391215)
(36.587673351137944, 41.14618874755984)
(36.573788573643846, 41.04779171154655)
(36.48335163261113, 41.06488136023954)
PEN UP
(27.531188400446855, 88.93272970466067)
PEN DOWN
(26.94888823674303, 89.82145270909555)
(26.038950506124362, 91.17845215372141)
(25.055487061229314, 92.61987920086231)
(24.249256233828714, 93.78045417280194)
(23.86943154309281, 94.30926022823289)
(23.86943154309281, 94.30926022823289)
(23.743098914665886, 94.42477759007475)
(23.662410166027, 94.44662046656359)
(23.63240192819476, 94.38321970720345)
(23.658096747987837, 94.24290368973902)
(23.744435099752593, 94.03391470962531)
(23.744435099752593, 94.03391470962531)
(23.81965767971205, 93.88864623348655)
(23.932410442349745, 93.69309607984566)
(24.072197185788152, 93.46437814675552)
(24.228488646514787, 93.21968954496953)
(24.39072095712773, 92.97635251675543)
(24.39072095712773, 92.97635251675543)
(24.53677441075738, 92.75138610505522)
(24.66125143068986, 92.54986933792925)
(24.75632007978998, 92.38544113979593)
(24.81412237401778, 92.27177914150239)
(24.826783353600675, 92.22254553248933)
(24.826783353600675, 92.22254553248933)
(24.82643744257086, 92.19682971743066)
(24.852983177350897, 92.15232511186379)
(24.90266717227992, 92.09303312708315)
(24.97173883669069, 92.02293420161344)
(25.05645131246298, 91.94600078817302)
(25.05645131246298, 91.94600078817302)
(25.19409515880955, 91.81135559337359)
(25.371451515014694, 91.59631283299062)
(25.612793038047243, 91.26796756412416)
(25.942550968662307, 90.79267925807581)
(26.385412990839086, 90.13564456635459)
(26.385412990839086, 90.13564456635459)
(26.839682978338466, 89.4584357224142)
(27.15624449449222, 88.99674488947305)
(27.363159387657873, 88.71356997433931)
(27.4888138005233, 88.57042294153504)
(27.56181944745509, 88.52789552561018)
(27.56181944745509, 88.52789552561018)
(27.65865082665144, 88.52729322291448)
(27.70429083107031, 88.55865358510242)
(27.698426426978767, 88.63089423538962)
(27.640797885673898, 88.75273967072813)
(27.531188400446855, 88.93272970466067)
PEN UP
(-1.503819251412461, 98.21510643794585)
PEN DOWN
(-1.646820658753001, 98.50113410021086)
(-1.7700088425378513, 98.45337476750305)
(-1.8981808518218553, 97.96637867085781)
(-2.041855149423846, 96.92210678567857)
(-2.1858899341762, 95.17927837932731)
(-2.1858899341762, 95.17927837932731)
(-2.2515288784629233, 93.5566418166927)
(-2.2576269743452952, 92.48964103368719)
(-2.2318202293429374, 91.85971393679277)
(-2.181317091824874, 91.52951476789751)
(-2.102991281496211, 91.35185892889957)
(-2.102991281496211, 91.35185892889957)
(-2.0380883045869234, 91.25411266969729)
(-1.985764868134528, 91.1865095477261)
(-1.9429549179653578, 91.14656296531153)
(-1.9065757688379155, 91.13175494028161)
(-1.8735261692585254, 91.13953843380223)
(-1.8735261692585254, 91.13953843380223)
(-1.8530627235784622, 91.33865144710998)
(-1.8320703148094437, 91.85677106290608)
(-1.8042038345298144, 92.62607646637501)
(-1.762428442511419, 93.5782631263367)
(-1.7014476407659505, 94.64692877813933)
(-1.7014476407659505, 94.64692877813933)
(-1.5946058562316416, 96.09169215638107)
(-1.5082865376913486, 97.057185184475)
(-1.4623165194030796, 97.66327340298908)
(-1.4619110962731103, 98.01633144221408)
(-1.503819251412461, 98.21510643794585)
PEN UP
(-6.237156973611369, 102.18362722320825)
PEN DOWN
(-6.28637702878782, 102.46168606243167)
(-6.353364478447355, 102.68951598180578)
(-6.43468396903179, 102.85995396746182)
(-6.526655466787422, 102.96565123526247)
(-6.625303249529632, 102.99904513736274)
(-6.625303249529632, 102.99904513736274)
(-6.680160551677553, 102.97012800113478)
(-6.7213054623047, 102.87277512628175)
(-6.7507405177606135, 102.69021309167404)
(-6.76993975810742, 102.40524124885634)
(-6.779573859415698, 102.00001172773095)
(-6.779573859415698, 102.00001172773095)
(-6.788430980314054, 101.68674107148695)
(-6.79853071849564, 101.40832295172638)
(-6.810332992469034, 101.18323491074901)
(-6.824486593466986, 101.03011145480289)
(-6.841634777557854, 100.96758661371187)
(-6.841634777557854, 100.96758661371187)
(-6.914331191776784, 100.53746532321424)
(-6.99861445221178, 99.52816626660763)
(-7.0511296641403876, 98.28372397825973)
(-7.056230857962071, 97.17106322193307)
(-7.026480277420455, 96.58147656237641)
(-7.026480277420455, 96.58147656237641)
(-6.966366893964974, 96.38037267200832)
(-6.893319415468566, 96.22556290233067)
(-6.814278580004944, 96.12576276665277)
(-6.73599171177973, 96.089549182328)
(-6.664992832284069, 96.12534420327721)
(-6.664992832284069, 96.12534420327721)
(-6.6024142724557535, 96.78164171330728)
(-6.522160790325517, 98.2391354222566)
(-6.40332626686741, 99.95092270550985)
(-6.278500838243298, 101.41689457772591)
(-6.237156973611369, 102.18362722320825)
PEN UP
(-5.347688599526623, 120.4194986383331)
PEN DOWN
(-5.202291874356124, 120.6488568148559)
(-4.991633093548461, 120.97293366772955)
(-4.731753443341654, 121.35939073281895)
(-4.440136013413513, 121.77677669651095)
(-4.136523959298091, 122.19502756656968)
(-4.136523959298091, 122.19502756656968)
(-3.8366055552522047, 122.59242152294475)
(-3.553818075535874, 122.95093392829733)
(-3.3078323421054363, 123.24805936017115)
(-3.119582213220643, 123.46206049843343)
(-3.010321743448678, 123.57140865564818)
(-3.010321743448678, 123.57140865564818)
(-2.698475747064063, 123.90710981086804)
(-2.339833407413491, 124.33525316566879)
(-1.9875859358462658, 124.77786314396842)
(-1.702502965084718, 125.16139273719287)
(-1.5516194837783028, 125.41579844763123)
(-1.5516194837783028, 125.41579844763123)
(-1.5088310128757543, 125.52579356885171)
(-1.4453947384099712, 125.6426506288084)
(-1.3675560161726845, 125.75650608587229)
(-1.2817902055447339, 125.85760912545618)
(-1.194806234335074, 125.93633300205894)
(-1.194806234335074, 125.93633300205894)
(-1.1022121275697723, 126.02972763883355)
(-1.0063317548629471, 126.16757345609804)
(-0.9125907573314742, 126.33827643617764)
(-0.826689170461458, 126.53038730892605)
(-0.7546899399675007, 126.7326329517729)
(-0.7546899399675007, 126.7326329517729)
(-0.6902714185614267, 126.92187878785677)
(-0.628192305913459, 127.09169577971765)
(-0.5720451310321965, 127.23116404017233)
(-0.5255937972434818, 127.32943934676301)
(-0.4926389825265515, 127.37569619287774)
(-0.4926389825265515, 127.37569619287774)
(-0.40246765790619327, 127.5131195550107)
(-0.2621785861043554, 127.79551961543719)
(-0.10603891147810751, 128.13678619894114)
(0.0277013172480568, 128.45264001321013)
(0.09636266043563833, 128.66075877204733)
(0.09636266043563833, 128.66075877204733)
(0.11065217026337554, 128.72777476334423)
(0.1360800426975344, 128.82507309338845)
(0.16994672226767657, 128.94306301433974)
(0.20946297169381492, 129.07218956984167)
(0.25168818815682376, 129.20295905093175)
(0.25168818815682376, 129.20295905093175)
(0.2936415426148444, 129.35919393557887)
(0.32465247295128324, 129.55454513898403)
(0.34342936767858473, 129.7721761073243)
(0.348308026359692, 129.99538227624777)
(0.33723928812034487, 130.20759024309564)
(0.33723928812034487, 130.20759024309564)
(0.3181745317526488, 130.44251699789004)
(0.3024165933532438, 130.71451761848468)
(0.2900238942449416, 131.00230707979176)
(0.28056622080810734, 131.28477191966374)
(0.27307288294052146, 131.54098353245945)
(0.27307288294052146, 131.54098353245945)
(0.25335211044481937, 131.84609515914988)
(0.20626432387941798, 132.1370492668159)
(0.12668171290460004, 132.43217932040602)
(0.00975361023318242, 132.74966736938828)
(-0.14918521201695784, 133.10755625270593)
(-0.14918521201695784, 133.10755625270593)
(-0.29442362488398827, 133.4050785278366)
(-0.443917861370226, 133.71758082740968)
(-0.5877072377224997, 134.02193210612617)
(-0.7159383553448642, 134.2951050651663)
(-0.8188546508746617, 134.5141576857936)
(-0.8188546508746617, 134.5141576857936)
(-1.1392445561598252, 135.15282504426875)
(-1.514254616640506, 135.79961622036848)
(-1.970766556111417, 136.48972588707585)
(-2.536574362693355, 137.25781629174236)
(-3.2410785452996653, 138.1378828994438)
(-3.2410785452996653, 138.1378828994438)
(-3.6729193480187137, 138.65310395398237)
(-4.073590355847695, 139.12209919605206)
(-4.417050684457894, 139.51505704939115)
(-4.67666231986735, 139.80233707013647)
(-4.825534658671964, 139.95434679156062)
(-4.825534658671964, 139.95434679156062)
(-4.985094528055227, 140.10196132204007)
(-5.275701800952929, 140.37625138270187)
(-5.669283471746237, 140.74777682930306)
(-6.137656924954377, 141.18715395330653)
(-6.651980748475784, 141.66521824926693)
(-6.651980748475784, 141.66521824926693)
(-7.1671652108600234, 142.13317141649634)
(-7.636396510538103, 142.54429947770336)
(-8.026578512819153, 142.8730333716936)
(-8.303786433431974, 143.09401297440087)
(-8.4339928177248, 143.18190263253575)
(-8.4339928177248, 143.18190263253575)
(-8.69817215970143, 143.37045421730525)
(-9.344878265258304, 143.86010810463662)
(-10.316337742866612, 144.58978191363872)
(-11.55770386443201, 145.49782625343678)
(-13.013149290162055, 146.52311380201908)
(-13.013149290162055, 146.52311380201908)
(-17.06616954318342, 149.16039573430405)
(-20.167247508084497, 150.94579855293662)
(-22.584335390021046, 152.19861587121258)
(-24.72557804942556, 153.20417960081946)
(-27.114274535845563, 154.22088866474652)
(-27.114274535845563, 154.22088866474652)
(-28.562451106490336, 154.80000485602648)
(-30.012198729765682, 155.35364960066877)
(-31.35557786490492, 155.84428029997162)
(-32.4727927913183, 156.23729034531866)
(-33.236029077778355, 156.50011496933107)
(-33.236029077778355, 156.50011496933107)
(-33.82108225872204, 156.69971334338769)
(-34.31472590926824, 156.85284645757935)
(-34.70850719200146, 156.95961045675404)
(-34.99464248491138, 157.02002603248795)
(-35.16617059944294, 157.03399746860293)
(-35.16617059944294, 157.03399746860293)
(-35.38597774974962, 157.0565392957439)
(-35.80415932390026, 157.14916305843033)
(-36.41951894123751, 157.3087234876399)
(-37.23326900321514, 157.5315233081382)
(-38.248943564530016, 157.81330549226078)
(-38.248943564530016, 157.81330549226078)
(-38.82602278418892, 157.97156379226945)
(-39.40930386678375, 158.12807138315236)
(-39.998841218136626, 158.28279348368653)
(-40.59468641022677, 158.43569469214466)
(-41.19688792906768, 158.5867389939357)
(-41.19688792906768, 158.5867389939357)
(-41.178432242515896, 158.6502539870958)
(-41.159668777788426, 158.71374565874626)
(-41.140594926335154, 158.77721388766608)
(-41.12120805040877, 158.84065855092516)
(-41.101505482672756, 158.9040795238606)
(-41.101505482672756, 158.9040795238606)
(-41.05915454063023, 159.1071350658825)
(-40.99650908747256, 159.48241557427176)
(-40.907192055057386, 159.98933088417618)
(-40.784733182039744, 160.5873330332657)
(-40.62526317649094, 161.23609080854328)
(-40.62526317649094, 161.23609080854328)
(-40.43843786563414, 161.8859086101111)
(-40.21668685417715, 162.48078103061522)
(-39.985687792488406, 162.98233619766074)
(-39.78036890724, 163.35268466972838)
(-39.64091973443198, 163.55420930890267)
(-39.64091973443198, 163.55420930890267)
(-39.55288639375478, 163.6613835870231)
(-39.47869039112433, 163.76887174191643)
(-39.42381187003542, 163.86934637095038)
(-39.394118513893446, 163.9554958542848)
(-39.39568097152688, 164.0200108778436)
(-39.39568097152688, 164.0200108778436)
(-39.315988267073536, 164.28219307722264)
(-39.07316143488933, 164.6816363366906)
(-38.72424810548206, 165.11253687709012)
(-38.35063476783193, 165.47025167818916)
(-38.06289379592863, 165.6516519223365)
(-38.06289379592863, 165.6516519223365)
(-37.70496977916091, 165.8089896718921)
(-37.45431514615915, 166.02377276470528)
(-37.33041704327041, 166.26507918617298)
(-37.359062892485156, 166.50201341208762)
(-37.56996523238251, 166.70349886198863)
(-37.56996523238251, 166.70349886198863)
(-37.81892566816181, 166.8299911197594)
(-38.01834403753568, 166.90734157553595)
(-38.20799413170411, 166.94318566836313)
(-38.428431401960296, 166.94504580666353)
(-38.72009210291025, 166.92029034335272)
(-38.72009210291025, 166.92029034335272)
(-39.31537016652303, 166.79323731643692)
(-39.86477811242491, 166.55128514903535)
(-40.35177133163941, 166.18948305073428)
(-40.760228310115636, 165.70288277253715)
(-41.07553910068167, 165.0865265006125)
(-41.07553910068167, 165.0865265006125)
(-41.22440394653581, 164.72590895587376)
(-41.37492435611922, 164.37195521095157)
(-41.51932071625672, 164.050044042563)
(-41.65323196378094, 163.78571138033044)
(-41.77445677237714, 163.60460454108224)
(-41.77445677237714, 163.60460454108224)
(-41.89020964286492, 163.4354860795026)
(-42.00073068949157, 163.2045565326503)
(-42.09545860087526, 162.93373514979254)
(-42.166161275834604, 162.64505085854125)
(-42.20702348644619, 162.3606432780776)
(-42.20702348644619, 162.3606432780776)
(-42.229661279500625, 162.0581901501112)
(-42.25849009038225, 161.73236912915405)
(-42.290275669423785, 161.40744262683546)
(-42.32383295702342, 161.1077769876959)
(-42.359723646079104, 160.85783438634184)
(-42.359723646079104, 160.85783438634184)
(-42.40752928182305, 160.4988933203385)
(-42.45887357785814, 159.89521361090544)
(-42.48935759731186, 159.105765982428)
(-42.481874649047725, 158.18983070430195)
(-42.43004349899184, 157.20726117101154)
(-42.43004349899184, 157.20726117101154)
(-42.358520347227746, 156.24632226590916)
(-42.283265174842136, 155.37707586953346)
(-42.21750179441431, 154.65656251605895)
(-42.17702065960434, 154.14220663384035)
(-42.17734065040108, 153.8915150372121)
(-42.17734065040108, 153.8915150372121)
(-42.20270559814397, 153.74352043334324)
(-42.225215834916035, 153.51354893236734)
(-42.24035538628925, 153.22339766837692)
(-42.244380207256015, 152.89493916066877)
(-42.23468257164527, 152.55016132623282)
(-42.23468257164527, 152.55016132623282)
(-42.213393604039105, 152.1405961357233)
(-42.1827476237674, 151.63203761182297)
(-42.14287098180185, 151.06813374456826)
(-42.09669397770632, 150.49285003434443)
(-42.050086725784524, 149.95052166748346)
(-42.050086725784524, 149.95052166748346)
(-41.99589640522461, 149.43360993016955)
(-41.926069941803114, 148.92878787482493)
(-41.84830528504926, 148.47216421922096)
(-41.77143245422685, 148.10004536766152)
(-41.70471046300751, 147.84884175762892)
(-41.70471046300751, 147.84884175762892)
(-41.63784943141037, 147.5983942487432)
(-41.56948657288074, 147.2413619635156)
(-41.50092609748996, 146.8096591562947)
(-41.43416564361266, 146.33530155333676)
(-41.372415380953065, 145.85049823107943)
(-41.372415380953065, 145.85049823107943)
(-41.2509143168828, 145.0300708948058)
(-41.087364346246666, 144.2616803286789)
(-40.90375833327153, 143.6061641923672)
(-40.72262039058629, 143.12466538222662)
(-40.56523592731952, 142.87829020021812)
(-40.56523592731952, 142.87829020021812)
(-40.530817551346864, 142.84354129286487)
(-40.50585347090307, 142.80111975092893)
(-40.49150836482973, 142.7541354975856)
(-40.488938193699944, 142.70569405085797)
(-40.4993011559119, 142.65889735557408)
(-40.4993011559119, 142.65889735557408)
(-40.500614589968755, 142.57601957560578)
(-40.472922828574106, 142.4275479999977)
(-40.420495500818205, 142.2288979647183)
(-40.3477384668659, 141.99549998533334)
(-40.25923062328373, 141.74281878785666)
(-40.25923062328373, 141.74281878785666)
(-40.16884222761297, 141.4936784386987)
(-40.09086054132239, 141.26989319776828)
(-40.03070010037875, 141.08547277473937)
(-39.99385252005123, 140.9544502991456)
(-39.98584839844628, 140.89086172912505)
(-39.98584839844628, 140.89086172912505)
(-39.97023236019641, 140.80587734237915)
(-39.91448597788892, 140.60651283358723)
(-39.824993356781505, 140.31562577866055)
(-39.708200983664526, 139.95606717043597)
(-39.57079360377721, 139.55074402356843)
(-39.57079360377721, 139.55074402356843)
(-39.423452741584036, 139.11740727457)
(-39.29347232395658, 138.6848753543148)
(-39.188122805483324, 138.2840133207674)
(-39.11536218344855, 137.9458780809727)
(-39.08374442321367, 137.70167776097736)
(-39.08374442321367, 137.70167776097736)
(-39.047607954737956, 137.46967940780857)
(-38.97558406114837, 137.17036381914951)
(-38.874033285308755, 136.82959113878374)
(-38.749764654137685, 136.47333562394803)
(-38.61000136051045, 136.12770291357026)
(-38.61000136051045, 136.12770291357026)
(-38.32943722595248, 135.42220822510083)
(-38.021315660553725, 134.58620369548177)
(-37.7134263371224, 133.70388828424757)
(-37.43574091707657, 132.8605205397489)
(-37.22062366989451, 132.14251768014327)
(-37.22062366989451, 132.14251768014327)
(-37.14619114171349, 131.91352615563474)
(-37.03869492254966, 131.61879975347605)
(-36.907288208561674, 131.28439742523008)
(-36.761365428984135, 130.93649224460407)
(-36.610558824533314, 130.6013977670841)
(-36.610558824533314, 130.6013977670841)
(-36.46080039752768, 130.25371339115148)
(-36.304425201561024, 129.8646489797667)
(-36.15269697671641, 129.4643971436762)
(-36.01716801758849, 129.08334422856694)
(-35.90971861933759, 128.7520748507657)
(-35.90971861933759, 128.7520748507657)
(-35.63206290103528, 127.85402996668435)
(-35.40330781602084, 127.17105712917804)
(-35.179042357581714, 126.58016989167044)
(-34.91198785042571, 125.95667442147895)
(-34.553011818281796, 125.17435172710317)
(-34.553011818281796, 125.17435172710317)
(-34.30532677418917, 124.63727224777399)
(-34.04917516764378, 124.06429906862824)
(-33.80333488586298, 123.49847879178803)
(-33.58700661929538, 122.98330979580757)
(-33.41981013729641, 122.5627002676149)
(-33.41981013729641, 122.5627002676149)
(-33.275977705656906, 122.19445789142965)
(-33.123886704352024, 121.8150994021822)
(-32.9751256290139, 121.45365290550428)
(-32.84150446781714, 121.1393543170583)
(-32.73498242170295, 120.90160071623852)
(-32.73498242170295, 120.90160071623852)
(-32.52391981168371, 120.42736116693084)
(-32.2543553786704, 119.80609031918142)
(-31.957499998276067, 119.1112588496836)
(-31.66534608608219, 118.41721246306838)
(-31.410844331607006, 117.79935436869958)
(-31.410844331607006, 117.79935436869958)
(-31.061301765184734, 116.95459628973984)
(-30.762490653578773, 116.25002570954716)
(-30.489904950268794, 115.6284195480063)
(-30.21814045254018, 115.0315846999899)
(-29.921121501315238, 114.4005013188908)
(-29.921121501315238, 114.4005013188908)
(-29.730828773162063, 113.99345835808829)
(-29.54565917189431, 113.58836450749729)
(-29.37861537035927, 113.21400838020708)
(-29.242883030706963, 112.89941860625628)
(-29.15179392599448, 112.67379319441923)
(-29.15179392599448, 112.67379319441923)
(-28.938651693853082, 112.14863330430953)
(-28.68426373105381, 111.55332118350671)
(-28.37550689501228, 110.85912415378719)
(-27.998869904041893, 110.03665845797072)
(-27.540336298693482, 109.05565193041294)
(-27.540336298693482, 109.05565193041294)
(-27.275139511797633, 108.50061479228266)
(-27.021569466895308, 107.96703828628193)
(-26.79667048863367, 107.49202579537848)
(-26.61774724969383, 107.11309185400901)
(-26.50225511610525, 106.86798437853462)
(-26.50225511610525, 106.86798437853462)
(-26.40836605990638, 106.6609325886395)
(-26.289142287170254, 106.38697288864532)
(-26.154426962208653, 106.07014012330036)
(-26.01417084469532, 105.7346155090696)
(-25.878480063863346, 105.40478109771996)
(-25.878480063863346, 105.40478109771996)
(-25.750317778435008, 105.08613144202354)
(-25.62114029767119, 104.77595522144779)
(-25.500873869987014, 104.49599850467206)
(-25.399542174727376, 104.26815929054375)
(-25.327215103366726, 104.1144267843089)
(-25.327215103366726, 104.1144267843089)
(-25.264894045938235, 103.98541469668353)
(-25.19109751798442, 103.82600680446318)
(-25.11217720502083, 103.6496400436522)
(-25.034515156668444, 103.46980522337131)
(-24.96453407987462, 103.30005736877081)
(-24.96453407987462, 103.30005736877081)
(-24.898760020267943, 103.13912014376434)
(-24.832371113856315, 102.98403369235147)
(-24.769827260609972, 102.84591102909499)
(-24.715613148627057, 102.73590305543766)
(-24.67421980749405, 102.66517970276051)
(-24.67421980749405, 102.66517970276051)
(-24.635528429759113, 102.5871129034084)
(-24.58136112801202, 102.46226282852943)
(-24.517140494386435, 102.3031540623751)
(-24.448295162483248, 102.12233186089415)
(-24.380284684041847, 101.93238860701628)
(-24.380284684041847, 101.93238860701628)
(-24.202301793885866, 101.46416049911794)
(-24.0246211229796, 101.0459194154279)
(-23.849902590255944, 100.68252965760354)
(-23.680690410879766, 100.37879730370365)
(-23.519393642310675, 100.13944862173356)
(-23.519393642310675, 100.13944862173356)
(-23.354870654258015, 99.95875544605917)
(-23.231877803993832, 99.87707190246056)
(-23.163350963128575, 99.89100969828641)
(-23.162216458970697, 99.99710231554698)
(-23.241511172821202, 100.19176885556226)
(-23.241511172821202, 100.19176885556226)
(-23.30320412277168, 100.32441845281578)
(-23.399025237793563, 100.53509080101558)
(-23.51857580331759, 100.80296313056004)
(-23.65148444635271, 101.10728197471941)
(-23.787452128340068, 101.42743213029789)
(-23.787452128340068, 101.42743213029789)
(-23.94997140286342, 101.80498703410052)
(-24.149219298293776, 102.27358637248761)
(-24.36806106547152, 102.79176074776491)
(-24.589749253310586, 103.31856679372565)
(-24.79798991220931, 103.81365780866803)
(-24.79798991220931, 103.81365780866803)
(-25.023848844735745, 104.34546634334932)
(-25.293297568173866, 104.97295147840792)
(-25.583143386445833, 105.64254207295099)
(-25.870849742664095, 106.30156007757161)
(-26.134554270361054, 106.89824038464025)
(-26.134554270361054, 106.89824038464025)
(-26.386584342823483, 107.46492450890088)
(-26.641151180466895, 108.03974307235589)
(-26.880000816926163, 108.58068438428167)
(-27.08529528216229, 109.04629861392785)
(-27.239504863871836, 109.39553883768757)
(-27.239504863871836, 109.39553883768757)
(-27.35093782595465, 109.65919795106453)
(-27.446332414332495, 109.89135502234313)
(-27.518614392256847, 110.07676364006458)
(-27.560748201562497, 110.20021393193063)
(-27.565707025989198, 110.2464820685541)
(-27.565707025989198, 110.2464820685541)
(-27.276544647411697, 110.10451687722458)
(-26.49153574449348, 109.69230188812347)
(-25.304902062054648, 109.04249339713746)
(-23.811496489522494, 108.18603794308862)
(-22.105982677765574, 107.15709606942745)
(-22.105982677765574, 107.15709606942745)
(-18.805170897902958, 105.04112688313369)
(-15.87166281131027, 103.0205250581782)
(-13.49019698812233, 101.28572845412613)
(-11.843491238026028, 100.04420379752698)
(-11.115929143341427, 99.50273202483872)
(-11.115929143341427, 99.50273202483872)
(-10.968623707779118, 99.48527711040647)
(-10.879784141450738, 99.65949698028814)
(-10.84521150263548, 100.04998338045746)
(-10.858622985885983, 100.67946539042504)
(-10.910719407539046, 101.56816882802119)
(-10.910719407539046, 101.56816882802119)
(-10.957067474113924, 102.4973549968187)
(-10.955316461140063, 103.54278645548466)
(-10.873014840701263, 105.06365645683387)
(-10.620131517002665, 107.37703207973708)
(-9.989177795137504, 110.71943224275311)
(-9.989177795137504, 110.71943224275311)
(-9.549681722589439, 112.31562790417335)
(-9.114855990588257, 113.60583445512883)
(-8.733599266192051, 114.56474527033689)
(-8.454454113142852, 115.16635257421379)
(-8.31982574427704, 115.38049618231754)
(-8.31982574427704, 115.38049618231754)
(-8.077464889069754, 115.80301413222786)
(-7.54819196917023, 116.8243962297829)
(-6.820496924618928, 118.12375137590297)
(-6.023215857932734, 119.40678499931047)
(-5.347688599526623, 120.4194986383331)
PEN UP
(-8.373899876323376, 116.67920562814902)
PEN DOWN
(-8.407189573919366, 116.62074760801775)
(-8.4712254470422, 116.51876208087013)
(-8.558664550028466, 116.38335926765713)
(-8.66222935196595, 116.22469013304553)
(-8.774858195430205, 116.05305152271842)
(-8.774858195430205, 116.05305152271842)
(-8.928031193172234, 115.78338671949004)
(-9.140113856866334, 115.34896829078541)
(-9.384728278913094, 114.78786029798863)
(-9.63738617953069, 114.13937375322921)
(-9.876968350154177, 113.44500790527213)
(-9.876968350154177, 113.44500790527213)
(-10.117005037067758, 112.64242488540711)
(-10.372184093554814, 111.69578122100596)
(-10.614208363944066, 110.67742647877085)
(-10.823418924629946, 109.66537925351203)
(-10.988754596445629, 108.74349429151731)
(-10.988754596445629, 108.74349429151731)
(-11.1213629552482, 107.84188045784676)
(-11.238005988617326, 106.88680458772794)
(-11.328994476464857, 105.94958066423624)
(-11.390563301045095, 105.105821601996)
(-11.423563645723425, 104.43464469486432)
(-11.423563645723425, 104.43464469486432)
(-11.44219440638963, 103.83355262542823)
(-11.455667713078029, 103.18803550062626)
(-11.462101883940672, 102.546361848576)
(-11.461903674612428, 101.95857254581836)
(-11.457426441935777, 101.47626795179599)
(-11.457426441935777, 101.47626795179599)
(-11.453218343955777, 101.22498207250202)
(-11.44792499514292, 100.97282181006823)
(-11.441549196303688, 100.71978454836007)
(-11.434093682417297, 100.46586758167348)
(-11.425561122016942, 100.2110681137268)
(-11.425561122016942, 100.2110681137268)
(-12.035786090223374, 100.68617570792159)
(-12.646898899072417, 101.15561081297989)
(-13.258924987774705, 101.61937805764295)
(-13.871887963497779, 102.07748012042265)
(-14.485809576992256, 102.52991778729357)
(-14.485809576992256, 102.52991778729357)
(-15.498456091183682, 103.25654453148422)
(-16.463308961818527, 103.9294299152295)
(-17.313702540298983, 104.50640373924435)
(-17.98245159007313, 104.94824154180073)
(-18.402125811016674, 105.2172030965028)
(-18.402125811016674, 105.2172030965028)
(-18.91238000786393, 105.53290682638006)
(-19.56272551062835, 105.95208986497978)
(-20.600827565434766, 106.63017351883927)
(-22.278449132062917, 107.70291713238696)
(-24.855348680313753, 109.26750638409486)
(-24.855348680313753, 109.26750638409486)
(-25.485535106778613, 109.6320174231341)
(-26.11685606717403, 109.99074167282393)
(-26.749296546440554, 110.34365395963103)
(-27.382838964343474, 110.69072814565192)
(-28.01746312943093, 111.0319371770335)
(-28.01746312943093, 111.0319371770335)
(-28.108408103027294, 111.25552117670118)
(-28.199079677180478, 111.4787967596178)
(-28.28947782470522, 111.70176591034085)
(-28.379602497308785, 111.92443059440025)
(-28.469453625539614, 112.14679275852393)
(-28.469453625539614, 112.14679275852393)
(-28.633227389286382, 112.53492357953903)
(-28.811139653311773, 112.94401580960452)
(-28.990148089756644, 113.34378767958012)
(-29.15742654632298, 113.70423412021036)
(-29.300306977350942, 113.9955756639057)
(-29.300306977350942, 113.9955756639057)
(-29.601065570115004, 114.61353732423754)
(-29.86869070594021, 115.19305797592372)
(-30.084616177324545, 115.69173805926052)
(-30.23068010173608, 116.06755303689351)
(-30.289033312841426, 116.27861845397487)
(-30.289033312841426, 116.27861845397487)
(-30.260909684088116, 116.33686690531201)
(-30.175525131883514, 116.40424928979277)
(-30.042952831255274, 116.47449090155614)
(-29.873361026412976, 116.54133511024148)
(-29.67710959791431, 116.59866480309488)
(-29.67710959791431, 116.59866480309488)
(-29.42338385077301, 116.68081045128866)
(-29.091913511108316, 116.80494353265122)
(-28.710393132708692, 116.95683921405983)
(-28.307455089732215, 117.12331188543757)
(-27.913031703078808, 117.29258316812782)
(-27.913031703078808, 117.29258316812782)
(-27.25940347544274, 117.56859517869772)
(-26.668969340474, 117.78695298746672)
(-26.06092636357212, 117.97699804125726)
(-25.34916968812168, 118.16200643457874)
(-24.441975614880675, 118.35812306526327)
(-24.441975614880675, 118.35812306526327)
(-23.261636928402204, 118.58116440228027)
(-22.421623621147887, 118.72273387039755)
(-21.852181982571658, 118.82005000160343)
(-21.47485984380406, 118.8989007070224)
(-21.20638704430279, 118.97836192357556)
(-21.20638704430279, 118.97836192357556)
(-20.48784554496139, 119.18091751431868)
(-19.469594590236387, 119.39156495821116)
(-18.36778323084749, 119.55884558545557)
(-17.414770607722403, 119.65300565365456)
(-16.854495267969266, 119.66280775579202)
(-16.854495267969266, 119.66280775579202)
(-16.557759599420002, 119.63991501602369)
(-16.321618947752086, 119.65304948079779)
(-16.15357288363449, 119.70007189545538)
(-16.061313185289926, 119.77882029148822)
(-16.052701791891643, 119.88701577335401)
(-16.052701791891643, 119.88701577335401)
(-16.10841043245168, 120.00075024903384)
(-16.205331461129713, 120.07889394440667)
(-16.378074594045753, 120.13312555349549)
(-16.660884574043777, 120.174383602049)
(-17.08743609510495, 120.21228838627889)
(-17.08743609510495, 120.21228838627889)
(-17.652344524045706, 120.22735242051438)
(-18.32485043147255, 120.19100260067452)
(-19.121444970451275, 120.0951338703323)
(-20.056012549733374, 119.92881789234055)
(-21.138992798202064, 119.67762465730077)
(-21.138992798202064, 119.67762465730077)
(-21.58875364482304, 119.5736945280028)
(-22.111536283024726, 119.46188773583701)
(-22.662477907575795, 119.34913356200062)
(-23.198446146433223, 119.24459635029656)
(-23.678081179047002, 119.15971789961307)
(-23.678081179047002, 119.15971789961307)
(-24.57403386609185, 118.99559056689066)
(-25.631696216192122, 118.75005843747412)
(-26.80678311522431, 118.41683328536655)
(-28.05562560186321, 117.99169821523515)
(-29.336408737493226, 117.47366405798851)
(-29.336408737493226, 117.47366405798851)
(-29.690214810554767, 117.32485310541728)
(-30.0077335124319, 117.20439263838789)
(-30.271021414069434, 117.11941933211448)
(-30.462312285391548, 117.07736663983891)
(-30.563616673421965, 117.0855660219007)
(-30.563616673421965, 117.0855660219007)
(-30.666282418304256, 117.21599156189863)
(-30.846072906061863, 117.57542058355173)
(-31.174134833650765, 118.32719964372525)
(-31.71703294348168, 119.63014150429129)
(-32.53249617720074, 121.63496107009028)
(-32.53249617720074, 121.63496107009028)
(-32.89762530475519, 122.52514954025585)
(-33.27587295355014, 123.43866737215689)
(-33.64013642023941, 124.30773354287155)
(-33.96455114463725, 125.06566224113935)
(-34.22415479151362, 125.64655899108419)
(-34.22415479151362, 125.64655899108419)
(-34.42740905185762, 126.09970364859237)
(-34.60497166384033, 126.50635957134286)
(-34.74530828516097, 126.84015491145425)
(-34.83702923505369, 127.07481502275505)
(-34.86881605157813, 127.18406355233478)
(-34.86881605157813, 127.18406355233478)
(-34.933961300353, 127.47569746496698)
(-35.09851051718133, 128.05579485858854)
(-35.304126307011906, 128.74170851103372)
(-35.49637381204849, 129.352760708247)
(-35.62477567209998, 129.71026397336396)
(-35.62477567209998, 129.71026397336396)
(-35.919746208367656, 130.35899237735646)
(-36.17080941420865, 130.9821334555517)
(-36.35703115940437, 131.52305358917297)
(-36.45855636952028, 131.9255486525014)
(-36.45657919854084, 132.13361854766458)
(-36.45657919854084, 132.13361854766458)
(-36.23130735527419, 132.27049927859164)
(-35.72504189212399, 132.45666276915463)
(-35.008423031680096, 132.66254907445992)
(-34.15505586346721, 132.86022582061304)
(-33.24368657708084, 133.02582021510648)
(-33.24368657708084, 133.02582021510648)
(-32.74666502073276, 133.1141374491718)
(-32.15341890725557, 133.2461264532379)
(-31.444339566272557, 133.4206187577525)
(-30.598038099850655, 133.63481602612163)
(-29.59107152573023, 133.8838733350503)
(-29.59107152573023, 133.8838733350503)
(-29.121975466976988, 133.99334978804058)
(-28.56034087721602, 134.10556523097523)
(-27.786943209104685, 134.23685914424914)
(-26.67577686507049, 134.39567445190045)
(-25.09058106710361, 134.57707342763155)
(-25.09058106710361, 134.57707342763155)
(-24.495873710492777, 134.6489510174153)
(-24.04393617956058, 134.73337390888304)
(-23.738332822058236, 134.83292189090804)
(-23.58247492952324, 134.94937258645538)
(-23.57966279562424, 135.0836592884514)
(-23.57966279562424, 135.0836592884514)
(-23.76971764825123, 135.2344862561013)
(-24.288788365286504, 135.5608209475632)
(-25.169471687388043, 136.07325840582342)
(-26.45043384326574, 136.77829161508703)
(-28.178199529516885, 137.67706011375063)
(-28.178199529516885, 137.67706011375063)
(-29.822596649974912, 138.4879220836275)
(-31.59487844521021, 139.32399541584905)
(-33.36481322931022, 140.11885198266503)
(-34.99018912193584, 140.81388928548438)
(-36.31812472333941, 141.3578200418159)
(-36.31812472333941, 141.3578200418159)
(-37.00000386299271, 141.6318416403956)
(-37.68743063157388, 141.90198317040938)
(-38.38042352903053, 142.16818040729578)
(-39.078996157056366, 142.43036806602402)
(-39.78315691488028, 142.68847983828422)
(-39.78315691488028, 142.68847983828422)
(-39.842227486084276, 142.87268631137786)
(-39.90092425367224, 143.05678048671328)
(-39.959242870853934, 143.2407628331968)
(-40.01717889966854, 143.42463381353062)
(-40.07472780884041, 143.6083938841553)
(-40.07472780884041, 143.6083938841553)
(-40.17204921963551, 143.95208691217022)
(-40.26626753270851, 144.36211790020982)
(-40.35061003206416, 144.8037793083148)
(-40.41922071660827, 145.24256257103312)
(-40.46746614254663, 145.6441939915596)
(-40.46746614254663, 145.6441939915596)
(-40.50568004143684, 146.04746331315084)
(-40.56101820002682, 146.49586420246595)
(-40.627835225972, 146.95327805117336)
(-40.70197580675752, 147.38384032850277)
(-40.78065959833585, 147.75190860393022)
(-40.78065959833585, 147.75190860393022)
(-40.859737284568816, 148.1007715796663)
(-40.93237487039019, 148.47750821265362)
(-40.99314987220206, 148.85238562597328)
(-41.037604627281226, 149.19582292471745)
(-41.06229133767765, 149.47838282179669)
(-41.06229133767765, 149.47838282179669)
(-41.06861123653252, 149.72274132704672)
(-41.0788327248775, 149.9658307156722)
(-41.090967101307996, 150.19023484339047)
(-41.10345507167026, 150.3785940680095)
(-41.1150202284145, 150.5135844827577)
(-41.1150202284145, 150.5135844827577)
(-41.162820813595694, 151.21515446035525)
(-41.1805877726529, 152.02887031508476)
(-41.159097985235164, 152.84106125989007)
(-41.102031617512296, 153.5395674956425)
(-41.026591041026066, 154.01363251886383)
(-41.026591041026066, 154.01363251886383)
(-40.98727029661937, 154.23790133614335)
(-40.96496238935055, 154.47184729859165)
(-40.960646767322636, 154.69839324060817)
(-40.9759680183019, 154.90051745285837)
(-41.01300560403932, 155.06122768795643)
(-41.01300560403932, 155.06122768795643)
(-41.090260312574124, 155.53608365200282)
(-41.139778804704044, 156.2627015414025)
(-41.13890839245658, 157.04172217469159)
(-41.08600631842101, 157.67559543149022)
(-41.003529876934984, 157.96858213547728)
(-41.003529876934984, 157.96858213547728)
(-40.91601903802943, 157.97143176089938)
(-40.73367138697851, 157.939126580331)
(-40.4772097891463, 157.87670809255198)
(-40.167515001456984, 157.78923491025876)
(-39.82531697108298, 157.68184596620296)
(-39.82531697108298, 157.68184596620296)
(-39.3185768476006, 157.53059851386845)
(-38.535286105265754, 157.31307595086778)
(-37.563721807363116, 157.04747011523025)
(-36.4889226372712, 156.75286958856975)
(-35.39083858322272, 156.4498916725348)
(-35.39083858322272, 156.4498916725348)
(-32.080504111641325, 155.44485653782337)
(-28.836503009086147, 154.2854511187269)
(-25.155823614897066, 152.7385223125403)
(-20.699316677809282, 150.5297952580055)
(-15.307588138212804, 147.33994725829703)
(-15.307588138212804, 147.33994725829703)
(-10.840123828488151, 144.23232938520732)
(-7.964038140544845, 141.96804035161114)
(-6.156773766051721, 140.39879337323777)
(-5.0594172130294695, 139.33588541762268)
(-4.385992422189295, 138.57048563158625)
(-4.385992422189295, 138.57048563158625)
(-4.235617638372655, 138.38272158534957)
(-4.027488123253155, 138.13070589100226)
(-3.782656061323575, 137.83638376338274)
(-3.521892155986447, 137.5217945139682)
(-3.2655940849809943, 137.20910950320297)
(-3.2655940849809943, 137.20910950320297)
(-3.0100723044188484, 136.89611908785005)
(-2.7613358038476323, 136.57633323205957)
(-2.5369367939799217, 136.27311230730132)
(-2.354203673731692, 136.00993015707846)
(-2.230360315684212, 135.81033707268222)
(-2.230360315684212, 135.81033707268222)
(-2.117981192145885, 135.60707448133084)
(-1.9673116726327196, 135.33382832067744)
(-1.7920879807399372, 135.0156201173059)
(-1.606037790057371, 134.6775528817562)
(-1.4228818118978712, 134.34484253996544)
(-1.4228818118978712, 134.34484253996544)
(-1.062971756449057, 133.68655549182512)
(-0.7929466487406103, 133.15190073381993)
(-0.6076961765181379, 132.7293977447386)
(-0.5023341233150533, 132.4073128128257)
(-0.4721495347352799, 132.17369114945302)
(-0.4721495347352799, 132.17369114945302)
(-0.4708199345231619, 132.06404791160725)
(-0.46923010089493455, 131.90904314406762)
(-0.46770745504937594, 131.72280123792902)
(-0.46672390806499237, 131.51949310520092)
(-0.46697178385906607, 131.31336229767717)
(-0.46697178385906607, 131.31336229767717)
(-0.46458013556038275, 131.10981091341066)
(-0.4545975449026344, 130.89935273825668)
(-0.4387378473493242, 130.69810757943043)
(-0.41894996461383066, 130.52227721072043)
(-0.39734068308030335, 130.38812100314215)
(-0.39734068308030335, 130.38812100314215)
(-0.42680273131024277, 129.9640644551797)
(-0.5807010648927557, 129.34413795219908)
(-0.7965737865820113, 128.6750018755818)
(-1.0251330122997688, 128.10837758702777)
(-1.2300366668428317, 127.80140480453535)
(-1.2300366668428317, 127.80140480453535)
(-1.2627820115446435, 127.76497103393388)
(-1.3002500823113345, 127.69920935130763)
(-1.3385347551095554, 127.61029008777624)
(-1.3737842223511065, 127.50441202962803)
(-1.4022431763832228, 127.38781831060922)
(-1.4022431763832228, 127.38781831060922)
(-1.4381369355727118, 127.26608429668121)
(-1.4915505804398106, 127.13122176440314)
(-1.557362880603896, 126.99412060775117)
(-1.6306967625316027, 126.86577635648149)
(-1.7069343078581103, 126.7573035527973)
(-1.7069343078581103, 126.7573035527973)
(-1.7937107685516542, 126.64780348241213)
(-1.885464624503629, 126.5064270114928)
(-1.9750546833339309, 126.34582963026907)
(-2.0556940383052984, 126.17884327021827)
(-2.1209828513202154, 126.01848538694334)
(-2.1209828513202154, 126.01848538694334)
(-2.209311757867405, 125.84160848229077)
(-2.339801385318878, 125.63639805279186)
(-2.500481161957181, 125.41506300426988)
(-2.679922822531931, 125.19008461731913)
(-2.8673760420538086, 124.97431408665675)
(-2.8673760420538086, 124.97431408665675)
(-3.0497816424000255, 124.77938872499688)
(-3.217128655208598, 124.59344297163054)
(-3.359845403251579, 124.42955281948002)
(-3.4687942736584008, 124.30104609127919)
(-3.5350264296414355, 124.22135601957194)
(-3.5350264296414355, 124.22135601957194)
(-3.5838957984009787, 124.14881387977863)
(-3.6533255115705106, 124.04891138169953)
(-3.7360269481289308, 123.92985761530852)
(-3.8248628629324277, 123.79994980069293)
(-3.9129186927030775, 123.66761485514238)
(-3.9129186927030775, 123.66761485514238)
(-4.261632327796354, 123.18318252879091)
(-4.699684841836589, 122.60242846194907)
(-5.2026611381764765, 121.93864458760405)
(-5.747821781328068, 121.20605314912947)
(-6.314909775616717, 120.42034220520375)
(-6.314909775616717, 120.42034220520375)
(-6.616756972915582, 119.98012208542015)
(-6.883455183411681, 119.55233885692653)
(-7.099659131733795, 119.16856283047017)
(-7.251797406352692, 118.86142225019258)
(-7.32704301090786, 118.6639504776055)
(-7.32704301090786, 118.6639504776055)
(-7.38423339623183, 118.49792214488929)
(-7.479239891632017, 118.28314219578903)
(-7.601576990312577, 118.03773975350872)
(-7.741289449106709, 117.78014401029351)
(-7.889171802539882, 117.52923613018585)
(-7.889171802539882, 117.52923613018585)
(-8.032716011418882, 117.29194838411323)
(-8.160052403556618, 117.07260400152303)
(-8.263942002870085, 116.88680618851872)
(-8.337498605477807, 116.75038442753193)
(-8.373899876323376, 116.67920562814902)
PEN UP
(-29.009414506041058, 134.66142493790466)
PEN DOWN
(-29.433065442518757, 134.57646030781507)
(-29.90099121948566, 134.47721831996773)
(-30.376727966815423, 134.3706743548657)
(-30.825059758200606, 134.2649952741055)
(-31.212027703395876, 134.16948976207547)
(-31.212027703395876, 134.16948976207547)
(-31.660413999119317, 134.06946902204845)
(-32.27743329194097, 133.93861916626057)
(-33.002209756376, 133.78482875630428)
(-33.775967317913604, 133.61807227695994)
(-34.54293745259384, 133.45122615207833)
(-34.54293745259384, 133.45122615207833)
(-34.99518793426895, 133.34914247325588)
(-35.44340550580375, 133.24322137453194)
(-35.88753707847094, 133.13348249354112)
(-36.327531677162625, 133.01994596299127)
(-36.76334045443162, 132.90263238698682)
(-36.76334045443162, 132.90263238698682)
(-36.78600120534527, 132.9615184055357)
(-36.808638989400556, 133.02039055713294)
(-36.83125376103754, 133.07924886411874)
(-36.85384547440317, 133.13809334878093)
(-36.876414083349616, 133.19692403335517)
(-36.876414083349616, 133.19692403335517)
(-36.9233197797822, 133.31637975596834)
(-36.979391355200505, 133.47713574394945)
(-37.0404687129916, 133.66424251419272)
(-37.10246162779492, 133.86278392605493)
(-37.161390405109074, 134.05789065540185)
(-37.161390405109074, 134.05789065540185)
(-37.23952140388327, 134.29734331173836)
(-37.35367662210517, 134.61874174823794)
(-37.49194129316032, 134.99204080695452)
(-37.64266136722378, 135.3873259592666)
(-37.79449691271605, 135.77485045958048)
(-37.79449691271605, 135.77485045958048)
(-37.94866315314808, 136.17049408429546)
(-38.09090764204227, 136.5828582213587)
(-38.2106924360322, 136.98048877016925)
(-38.29797980289063, 137.3321145028282)
(-38.34328471710627, 137.60662043687861)
(-38.34328471710627, 137.60662043687861)
(-38.389896913566396, 137.8721990063198)
(-38.465179330227066, 138.1931843588159)
(-38.56066684128203, 138.5418292504191)
(-38.66835914248122, 138.8905231715494)
(-38.780696605582484, 139.21179550484828)
(-38.780696605582484, 139.21179550484828)
(-38.891498212973126, 139.50841316633714)
(-38.98278715430118, 139.7746292081815)
(-39.050024163485574, 139.99450905696213)
(-39.088835571241994, 140.15215232593053)
(-39.094952889663475, 140.2316650297744)
(-39.094952889663475, 140.2316650297744)
(-39.09787443562778, 140.3089313677701)
(-39.12669400779804, 140.45972610046056)
(-39.1765552475383, 140.66796182290844)
(-39.242675257594215, 140.91756256603495)
(-39.320423682031524, 141.19249122394345)
(-39.320423682031524, 141.19249122394345)
(-39.398965206949434, 141.462424331083)
(-39.467403723710134, 141.69821067391737)
(-39.521249489328945, 141.88563662004495)
(-39.55606914995513, 142.01050398890752)
(-39.56739632472821, 142.05860313777117)
(-39.56739632472821, 142.05860313777117)
(-39.23085495384327, 141.97505618160403)
(-38.39750923780965, 141.69071856086845)
(-37.2868302640813, 141.27416793732257)
(-36.11324375352413, 140.79878028414365)
(-35.081244292052055, 140.34548936616892)
(-35.081244292052055, 140.34548936616892)
(-34.277345055582856, 139.98336922664782)
(-33.193505998107135, 139.49690530956295)
(-31.936653856922447, 138.9232158783353)
(-30.609191817830204, 138.3024968552399)
(-29.307615080514875, 137.67896880060073)
(-29.307615080514875, 137.67896880060073)
(-28.094840805119162, 137.07874123173454)
(-27.016075143022274, 136.52209462976717)
(-26.13428005936282, 136.04911685654298)
(-25.510495368340095, 135.70104767477028)
(-25.20570233144249, 135.5190271669683)
(-25.20570233144249, 135.5190271669683)
(-25.13255043436669, 135.4673017500959)
(-25.05948200236459, 135.41553487476318)
(-24.986496791123585, 135.36372661273148)
(-24.913594556795868, 135.3118770353491)
(-24.840775055999586, 135.2599862135525)
(-24.840775055999586, 135.2599862135525)
(-25.148192087171818, 135.2292996738806)
(-25.45442980290397, 135.19711383993177)
(-25.75946996636004, 135.16343124485468)
(-26.063294562987764, 135.12825453093708)
(-26.365885806307382, 135.09158644825308)
(-26.365885806307382, 135.09158644825308)
(-26.8959866038064, 135.02328206789218)
(-27.4701557617407, 134.93869256028654)
(-28.042834978507035, 134.8444018874807)
(-28.570053371409447, 134.74869796839977)
(-29.009414506041058, 134.66142493790466)
PEN UP
(None, None)
PEN UP
END
