START
(-52.89214288997481, 225.06995781895483)
PEN DOWN
(-53.26017663589122, 230.6145050267367)
(-53.20776711399572, 231.64340042087082)
(-53.07313751969287, 232.45388122965448)
(-52.831885880154715, 233.21614376835478)
(-52.43783173686843, 234.09596164607223)
(-52.17397146739813, 234.49357832967607)
(-51.822356743922924, 234.86046096849654)
(-51.35233539433048, 235.209370880223)
(-51.087499979840906, 235.45772566183837)
(-50.76802227580354, 235.60874987112965)
(-49.95021529912476, 235.90729728925655)
(-49.366255412130435, 236.13919563529382)
(-49.12575811309739, 236.24626058818222)
(-48.55059186112165, 236.54745014265944)
(-48.117650907071656, 236.71643232364826)
(-47.61945315444588, 236.8523311607819)
(-47.01979964173122, 236.96234779476512)
(-46.281297675658195, 237.05241940530254)
(-45.34727427433652, 237.12931476420434)
(-44.49413245417597, 237.15775621743146)
(-43.716774546921116, 237.14115412728913)
(-43.008911293039645, 237.0823478840622)
(-41.84041253488053, 236.8987001362141)
(-41.12293468539713, 236.83761928384058)
(-40.86524364511858, 236.7649746567817)
(-40.57908480100611, 236.65468591204015)
(-40.36292422318977, 236.59589496107145)
(-39.82796171237778, 236.4923361815948)
(-39.23817054606968, 236.415378802998)
(-38.54283789224337, 236.2900451057399)
(-38.20810784524494, 236.21276721394142)
(-37.132800101276324, 235.91196569858727)
(-36.295657072776365, 235.63880727782947)
(-31.704051748824064, 233.90651873216066)
(-25.579910068860947, 231.0912330115853)
(-21.700965894604046, 229.06781693588454)
(-20.972178306217156, 228.62716233735003)
(-20.730411626934913, 228.41178485182192)
(-20.210607677977485, 228.06908700033478)
(-19.822695118455385, 227.85419239855378)
(-19.512281862859346, 227.74332781438)
(-19.209367735937228, 227.73471078122648)
(-18.84325080787735, 227.82529822221923)
(-18.340756072938035, 228.01013149380543)
(-17.754842437783214, 228.1896398924914)
(-17.07377941536427, 228.3234721153856)
(-16.354279149944713, 228.4043130596279)
(-15.655095512073457, 228.42712511523757)
(-13.857623639206652, 228.30408980010577)
(-12.27476214969191, 228.24692928322534)
(-11.5680873957114, 228.18072345037467)
(-10.710743689732785, 228.05196370302798)
(-8.04443711049384, 227.49817506740197)
(-6.959702255979137, 227.18322025843597)
(-5.667334214046441, 226.70946946105516)
(-4.395654906904122, 226.16494525107137)
(-3.3616495120115077, 225.64846229295281)
(-2.772081032861659, 225.26615171445275)
(-2.644174733723678, 225.1584523972488)
(-2.2769237016175836, 224.89786294605804)
(-1.2768150520964534, 224.30593848192936)
(-0.10625963614641573, 223.54738737838616)
(0.3388932868926642, 223.22679549192225)
(0.7905264507658376, 222.85450503185592)
(1.0191637642125964, 222.71637060909876)
(1.2288489177992292, 222.6208951888677)
(1.4637481620951083, 222.4740533482334)
(1.8940189641976135, 222.10297967208336)
(2.5970556582695425, 221.60030668902448)
(2.9516184201725886, 221.2863559666113)
(3.4485991573676715, 220.8002176241857)
(4.121615605551719, 220.10316054062548)
(7.187857528089755, 216.70674741542518)
(7.883363005103412, 215.89147084034602)
(8.93098803976662, 214.60586988676334)
(10.256001733430693, 213.05210153723385)
(10.640001561377904, 212.56300851319926)
(11.01324266165776, 212.04727115671383)
(11.425828112753036, 211.43515809575808)
(12.363823015178966, 209.97901229426836)
(12.795933779701981, 209.32661399526245)
(13.615591561658077, 208.14166140545927)
(14.281100155111302, 207.2338883093223)
(14.749024576663043, 206.56318650033228)
(14.890945783200337, 206.34024589930118)
(15.040226870183588, 206.07263819779257)
(15.262298580861408, 205.74280231019873)
(15.996394169555556, 204.69403115781014)
(16.98931244338141, 203.29576531825333)
(18.22277367167048, 201.4980994891621)
(21.031778795731377, 197.19329418524893)
(23.4035629931643, 193.66497776456714)
(24.631978901913463, 191.76494689607364)
(24.99601801238624, 191.16878359916103)
(25.24583740734453, 190.7259029847788)
(25.633261481273642, 189.9389877271508)
(25.82980843904337, 189.57201321202487)
(26.005089602587102, 189.2801418423531)
(26.153709880985147, 189.07233759082192)
(26.270423586275022, 188.95746438329218)
(26.46207568349388, 188.9657299333432)
(26.7883170891246, 189.10491494818905)
(27.196705475367068, 189.33472637881528)
(27.63317754505757, 189.61729579013246)
(28.040190694043027, 189.9192970749848)
(28.506035807913875, 190.31514011604867)
(28.822413126493377, 190.6654597798116)
(29.01768426303605, 191.03975847618068)
(29.12471270108923, 191.50248226526972)
(29.230414618416173, 192.57446337992218)
(29.312217459741554, 192.96847575934225)
(29.427349718299308, 193.30415395001927)
(29.443403546953466, 193.4725436413679)
(29.40139382074453, 193.60650907364635)
(29.34658134236502, 193.9445613962056)
(29.264928486981866, 194.95865012648784)
(29.196586250153594, 195.4763379340912)
(28.980375887387535, 196.68056559250067)
(28.85594856700789, 197.06539412879204)
(28.6571264565321, 197.58176928731305)
(28.385279805710304, 198.22861955716598)
(27.753338193084392, 199.67792309915183)
(27.635880936931386, 199.97892592871182)
(27.403470877979164, 200.65764404676514)
(27.141721053908515, 201.17670826922443)
(26.61714246709458, 202.12066554890646)
(22.384091346280233, 209.3041361685544)
(19.48266706652566, 214.10932147189155)
(18.025850928585967, 216.42098926714706)
(15.924784211222189, 219.59451351729348)
(12.304929985943527, 224.89573460827393)
(11.448057508969995, 226.01691070332825)
(10.877005597763853, 226.63579282944204)
(10.643735121681685, 226.99180186563038)
(10.52620690797908, 227.31103840356525)
(10.53824298027862, 227.5578626990033)
(10.69250661351417, 227.69632741501889)
(10.788339234047337, 227.71970749012263)
(11.004172617736424, 227.72381735896172)
(11.191446144331202, 227.6734885776347)
(11.332255845359393, 227.55094825796215)
(11.587199817625953, 227.26161552346306)
(11.948464514673887, 226.81198082495186)
(12.957845659102935, 225.45649828370352)
(14.567731210093518, 223.18178209890976)
(16.329697262906837, 220.35609467369102)
(18.826874005579512, 216.52048733511361)
(19.29881483092336, 215.71272558984452)
(19.44581147499363, 215.3760042430373)
(19.518096445984437, 215.24555398652507)
(19.612481362450644, 215.1161448699546)
(19.734753244205976, 214.97900491852124)
(20.042007042815417, 214.67647346187022)
(20.219848978734408, 214.45742067788228)
(20.337720967208547, 214.11321020138888)
(20.572455130234342, 213.67723028379402)
(20.974951826677167, 212.98077829452882)
(23.51504865495851, 208.69648362583712)
(24.25745766628622, 207.3904612555364)
(24.453982847106232, 206.99420538174252)
(25.029331349261984, 205.95663556739618)
(27.232095976988937, 202.09635346590665)
(27.56564837557811, 201.4492215715427)
(27.820691199097084, 200.88524075911215)
(28.269267344663785, 199.7885538795138)
(28.639765976260502, 198.94609818191773)
(29.25256404673846, 197.71607052234282)
(29.504912860499253, 197.01889224736993)
(29.68981082296177, 196.26606350012491)
(29.813280672418383, 195.44656865005985)
(29.92294187791236, 194.06984495326745)
(30.084178761262443, 193.0576028639295)
(30.099005418780315, 192.8675001114953)
(30.099435369797792, 192.53566280751795)
(30.006425491098682, 192.031441260833)
(29.827142958322618, 191.40489569697115)
(29.607164833674663, 190.76185276275856)
(29.384098766862973, 190.21487343146643)
(29.033780237242045, 189.65368354432218)
(28.975156877508145, 189.5191283709442)
(28.93463875386543, 189.38565820212648)
(28.90023410706119, 189.10698919367826)
(28.843226164878015, 188.98641173695032)
(28.71676884549883, 188.87569340904722)
(28.146888080070834, 188.569478945529)
(27.441236515179167, 188.24670290183911)
(27.063529241985314, 188.0963456446279)
(26.91655937640032, 187.967359773024)
(26.76884293503102, 187.62504385639278)
(26.633305258694104, 187.47336275577823)
(26.38954597525431, 187.284908082323)
(24.384936095529344, 185.86441353067676)
(24.05840717088796, 185.58176754050925)
(23.697655675462194, 185.19479863326362)
(23.469155419097003, 185.00558008672243)
(23.068498369824713, 184.74184641142918)
(22.61639563833428, 184.46488012159375)
(22.22597332944563, 184.24606137859615)
(22.00353863712815, 184.16603857839823)
(21.86803752110092, 184.14735615700368)
(21.810383749592788, 184.10354387366976)
(21.652542273042016, 183.8228047655685)
(21.309574869829085, 183.27003769446077)
(19.569105745790026, 180.1432957520139)
(19.210287288891955, 179.3866199282306)
(18.540729737513416, 177.8979105606859)
(18.331585798683246, 177.4439925094449)
(18.0627197714053, 176.90280185192236)
(18.004090286917865, 176.7072524611088)
(17.924350928375375, 175.96150265490527)
(17.863371070798205, 175.49143517233523)
(17.661191645161164, 174.38170678932102)
(17.5549592183937, 173.97983736584956)
(17.35352831023992, 173.30235355304512)
(16.907642263396973, 171.72421815621624)
(16.60795385131024, 170.64680494446617)
(16.39961530514909, 169.53817743440032)
(16.17022115569038, 168.7383607652999)
(16.165087867856087, 168.5991845670792)
(16.182831350931593, 168.44854524974093)
(16.262943371957725, 168.09636628319515)
(16.2809555826225, 167.92912837769111)
(16.276507964456474, 167.75400388336084)
(16.156809258508737, 167.0660796159504)
(16.106545439455115, 166.37852411933954)
(16.10325174812035, 165.95909401563193)
(16.1365578935435, 165.03497763434206)
(16.141995628569937, 164.29713626812006)
(16.124783531621933, 164.0316746743158)
(16.06330271914727, 163.66657062097892)
(16.05172267464836, 163.47628518489168)
(16.08180870145081, 163.02263051857034)
(16.17987423430333, 162.31571327924797)
(16.19431381019264, 161.98017629465025)
(16.17087631856642, 161.78741802001346)
(16.198870867052573, 161.35514094612697)
(16.348194564618407, 160.30907404965188)
(16.393406892461925, 159.8956920050781)
(16.421351212940134, 159.4594334396056)
(16.467139829596, 157.6969704596215)
(16.52545399116586, 156.83921500942904)
(16.894294684237906, 153.58258771458557)
(19.13571126736706, 142.27753426503995)
(20.1768922335702, 138.4416765169385)
(21.75978032229177, 133.22196534641287)
(21.50396696883928, 133.42071243290127)
(21.160909183044577, 133.7632007121373)
(20.693104766710864, 134.42271103251687)
(20.04842270114945, 135.48246863072785)
(19.182492775744976, 137.00958788734988)
(15.893531147909428, 142.98227437562474)
(14.692384888427343, 145.10573475988699)
(14.31262234326301, 145.72165339873268)
(13.386317919227848, 147.31641663535663)
(12.188201914051884, 149.24762097832325)
(11.501776051835215, 150.38380479622646)
(10.319652836698582, 152.36900459583106)
(8.04397466674454, 156.0953351500803)
(7.483434414360307, 157.0287216153064)
(7.03350572652062, 157.80744810307215)
(6.5055773357570175, 158.66256101971425)
(5.919314149169068, 159.58424293565852)
(5.418095933001803, 160.3470258611514)
(4.98521220208345, 160.94804388229997)
(4.7734997470706375, 161.28772921801823)
(4.541809133845712, 161.6917519051134)
(4.20740784442211, 162.22917136310178)
(3.460180198568142, 163.33741379209923)
(2.4188603128669386, 164.94618914985028)
(1.8894186249404132, 165.70548808778233)
(1.3874333651532222, 166.3937591182766)
(0.8970277322945815, 167.1102431228893)
(0.6887155970152179, 167.43467228923313)
(0.15129387289392762, 168.3195859868955)
(-0.08647259107624854, 168.68884740082123)
(-0.8085204635857368, 169.7516928026403)
(-1.2681940756002963, 170.4492109943292)
(-1.922644692225238, 171.5056498336898)
(-2.0030899931188326, 171.61949978186288)
(-2.26068615254637, 171.92451830945114)
(-2.564433016515682, 172.33462411072645)
(-2.9245280330090497, 172.85110300757904)
(-3.297683069768059, 173.41159747320938)
(-3.8349509386235328, 174.26432698780064)
(-4.063882204986516, 174.6054880630926)
(-4.5474370016627965, 175.27513549059074)
(-4.964317023610167, 175.80445043481308)
(-5.377075537750891, 176.34836849885733)
(-5.553832190466669, 176.59436399673672)
(-6.086968032765424, 177.37601838374727)
(-6.592166266661222, 178.0464391656352)
(-7.655898540785364, 179.58931073645553)
(-8.243302092744656, 180.3723228176729)
(-8.580328734515199, 180.83507684173566)
(-8.969176726978194, 181.4157125439399)
(-9.655362860577931, 182.2722916781163)
(-10.27156709963742, 183.11961291681956)
(-10.619777212832373, 183.5522916506863)
(-10.890112776457975, 183.99098213342904)
(-11.162317590042772, 184.36900900090646)
(-12.0036778769143, 185.41168781923687)
(-13.76199462382486, 187.64425574058896)
(-14.561250039303696, 188.66041046049827)
(-15.22762329004457, 189.5307971304056)
(-15.703348866478859, 190.12882876122143)
(-19.368238408631925, 194.51702738882216)
(-20.137703249163753, 195.43127105280178)
(-20.72845113345864, 196.1579279956136)
(-21.384278874452413, 196.91312022787346)
(-22.111275381623354, 197.7200505348015)
(-22.7240132473163, 198.3733399703428)
(-23.136683034043504, 198.7732543349067)
(-23.296066505215855, 198.96444093101667)
(-23.801951807432303, 199.61384087909784)
(-24.31787554648287, 200.23923204971297)
(-24.89960452755478, 200.91246607308213)
(-25.517013027229517, 201.59571989891157)
(-26.9142902945923, 203.07174994540708)
(-27.616307537025794, 203.84595292696207)
(-28.220105690439198, 204.54933458978465)
(-28.51486674853124, 204.87336792466823)
(-28.745420818734924, 205.10548594993696)
(-28.90458661310255, 205.24058509511252)
(-28.985222490482546, 205.27342143740088)
(-29.01447852757351, 205.05889850144956)
(-28.994810961519406, 204.55831736253361)
(-28.933076674034734, 203.90039976558694)
(-28.839957581776293, 203.21593373505095)
(-28.633879458053485, 202.20160752940393)
(-28.583691724877717, 201.88364187338976)
(-28.578880277050896, 201.60352939099062)
(-28.61620278526039, 201.27901391508505)
(-28.774303776449205, 200.3384211254058)
(-28.848786242767115, 199.99943348734854)
(-28.932713641268, 199.76694296649998)
(-29.043095044532816, 199.59708380605892)
(-29.98484272114556, 198.66028024573458)
(-30.44564569793767, 198.23889880199613)
(-30.989746275975516, 197.83855978380024)
(-31.550745604784055, 197.49560792277464)
(-32.067936663078626, 197.25266302784257)
(-32.484739610704516, 197.15736740263654)
(-35.2409382562849, 197.00342641386396)
(-35.604085907744576, 197.0024592165424)
(-36.035325830128116, 197.0464848755597)
(-36.48265042667777, 197.1255978686516)
(-36.89467166576652, 197.23184554813884)
(-37.22035353137557, 197.35894445649444)
(-37.4804577212605, 197.4862224839351)
(-37.863622062537864, 197.63803417732095)
(-38.14481030700865, 197.7857744877386)
(-38.453844340163286, 198.03098420573613)
(-38.760187247366005, 198.3415151610506)
(-39.032842666675904, 198.68554470722427)
(-39.24038635396505, 199.03150806823385)
(-39.558055295299845, 199.85317308738712)
(-40.034266725496096, 201.2628822287966)
(-40.53092812607883, 202.85974638928656)
(-40.92491934029805, 204.2563986066641)
(-41.11048415635506, 205.0783930758521)
(-41.171946952799864, 205.4706908201891)
(-41.29085995444402, 206.08907838369856)
(-41.484760127407036, 207.03972190442676)
(-42.319678346464805, 211.50178505078011)
(-44.56555075939774, 213.87248924007963)
(-45.10504507252034, 214.39342416889247)
(-45.513794277277675, 214.7519817179068)
(-45.87322876137202, 215.0297588524076)
(-46.56235589281016, 215.61696748518563)
(-47.51876044591729, 216.5215645683984)
(-48.52511473534981, 217.51476502738547)
(-49.35344328301987, 218.37569659171695)
(-49.765988507877914, 218.8898808609453)
(-49.83726804216244, 219.00606555938748)
(-49.94833816987538, 219.14574546541277)
(-50.251605282821465, 219.4512238809846)
(-50.731718549648654, 219.8635372863204)
(-50.92753893760719, 220.0655870413183)
(-51.086887791046294, 220.34257554731283)
(-51.73771145118913, 221.2755428996582)
(-52.09865912889872, 221.84967871643545)
(-52.34934586111951, 222.31841920852625)
(-52.477198008522684, 222.62980539700422)
(-52.57412393708451, 222.94318631922656)
(-52.6636582099121, 223.37671236091774)
(-52.89214288997481, 225.06995781895483)
PEN UP
(-51.6309717021335, 225.79630386136606)
PEN DOWN
(-51.53541382837572, 225.79835488224032)
(-51.26497798750198, 225.88585344468342)
(-50.578671852160404, 226.27284901486567)
(-50.162574419299624, 226.4274952735601)
(-49.70052432388065, 226.52396714595125)
(-49.18194063517146, 226.5642740490655)
(-47.84852473720047, 226.52338342296554)
(-47.70329112670521, 226.53129996275874)
(-47.43667751684018, 226.57685904825686)
(-47.021760754655034, 226.55841310885907)
(-46.48439013999446, 226.50061927338464)
(-45.91817169241472, 226.412156190988)
(-44.87506176686892, 226.18646191675597)
(-43.110668482214564, 225.8757218923708)
(-42.16524463395886, 225.64349557847433)
(-41.060836806509606, 225.323261639648)
(-39.85429052156366, 224.9258271128217)
(-36.97950674500738, 223.828898101693)
(-36.0671198425175, 223.48707552106876)
(-30.228593526466867, 221.12037438247853)
(-22.814701354006072, 217.3441272708588)
(-21.90811807672242, 216.836152669684)
(-21.437610908108624, 216.5856435033058)
(-21.287553287922066, 216.53577809962692)
(-21.25014019069636, 216.61727205298422)
(-21.26180291640172, 216.73709362995328)
(-21.32105026749141, 216.89102533089306)
(-21.426489377314926, 217.07479068388326)
(-21.576810478454906, 217.28405801542556)
(-21.840741943435596, 217.77996249904777)
(-22.182271547287808, 218.6138780457768)
(-22.510673490652348, 219.54363056092893)
(-22.73956979191446, 220.3301764937056)
(-22.78888373291539, 220.73737969841198)
(-22.790597748539348, 220.92818124519079)
(-22.819002182244514, 221.08446001487312)
(-23.033315200311673, 221.85980895683787)
(-23.125995279144266, 222.35240456305405)
(-23.09029807035411, 222.7549012780479)
(-22.97375652984858, 223.33927614501508)
(-22.80005849944528, 223.97654182076266)
(-22.602291394783087, 224.54057570603075)
(-22.21964439904238, 225.31648904739248)
(-22.09099467861296, 225.72182248070078)
(-22.024256451484266, 225.8486340397656)
(-21.924318250308378, 225.9654336109117)
(-21.300678288998824, 226.40976544185077)
(-21.05145159844011, 226.66103614779573)
(-20.861218993833194, 226.92992828551021)
(-20.75142036442797, 227.18758512473764)
(-20.74500630414432, 227.40540587021727)
(-20.79970412367577, 227.47724969145872)
(-20.926541825563557, 227.59324984202792)
(-21.343528921290922, 227.91273355618264)
(-23.794621391772278, 229.5129713262429)
(-24.15387416786321, 229.718779975626)
(-24.49888379478425, 229.88761972030952)
(-24.869215365945173, 230.04032151018993)
(-25.808620206641248, 230.38332191071194)
(-26.436224664980504, 230.64817837194468)
(-27.291035149793462, 231.03399775941057)
(-30.13205841296933, 232.3143594495465)
(-36.582714785473385, 234.83323791751818)
(-37.998902356116304, 235.2854326976118)
(-38.756425631057674, 235.473617975932)
(-39.75174542565533, 235.6208248752628)
(-40.60806539485659, 235.79979385975986)
(-41.06956083984116, 235.92012181773322)
(-42.18802520494877, 236.24379104464637)
(-42.66508333808481, 236.35185528882207)
(-43.13616977978459, 236.40544286323671)
(-43.73836813461452, 236.41942648602446)
(-44.60771345571054, 236.40486465122459)
(-45.72429418879565, 236.3457810043871)
(-46.58763302555398, 236.22637784557006)
(-47.37569127797652, 236.00118700190453)
(-48.2541584570499, 235.6166847043557)
(-49.60480556707015, 234.8764886141805)
(-50.14633714221496, 234.58973789244038)
(-50.63900506129606, 234.3540547357328)
(-51.08939020131987, 234.09009337419107)
(-51.469148176596235, 233.7253012583226)
(-51.75024440861394, 233.29990806782683)
(-51.909721151605574, 232.85503166845825)
(-51.91288279886721, 231.93242167447835)
(-51.94445432082564, 231.18235527732278)
(-52.06052593243449, 228.24108106178312)
(-52.001491872741546, 227.0530366908256)
(-51.87815256255329, 226.06411528562654)
(-51.82092451673191, 225.9101495452243)
(-51.742124241777425, 225.83133216528805)
(-51.6309717021335, 225.79630386136606)
PEN UP
(-51.07134413730139, 221.76628821845904)
PEN DOWN
(-51.026217799370485, 221.72210023639818)
(-50.87191664002138, 221.50132475348354)
(-50.36190803317349, 220.64133984552586)
(-50.00459110898527, 220.14726840857526)
(-49.53818060131319, 219.60926409833564)
(-48.895641093836474, 218.94433666437203)
(-47.8146326640577, 217.86601324906002)
(-47.2290824534181, 217.23183488453063)
(-47.114594171190014, 217.12776905823557)
(-46.114913107096896, 216.32469745793486)
(-44.809360870804, 215.14399002120933)
(-43.94087138013465, 214.40711597509406)
(-43.54675277890253, 214.0219902606758)
(-42.82570708391132, 213.1741032060844)
(-42.463396261348734, 212.86326295405047)
(-42.16608229996181, 212.468915353265)
(-41.85867178623903, 211.98963196976285)
(-41.6212404641107, 211.55132833385792)
(-41.53374256201219, 211.28088546587162)
(-41.49766715959698, 210.78458626090477)
(-41.36785825288525, 209.9136334474509)
(-41.16428648256406, 208.82302035969923)
(-40.91372068717998, 207.67086296207316)
(-38.89450192044425, 200.47333256160402)
(-38.81468055393278, 200.10788725597604)
(-38.72078144617458, 199.58312940455036)
(-38.67689659694081, 199.41839837977008)
(-38.62027777476183, 199.27815344843987)
(-38.544390838655694, 199.1460836225815)
(-38.32729064285367, 198.86737876698527)
(-38.22656767170722, 198.77630532052933)
(-38.113944197534245, 198.7193923271873)
(-37.962831940260656, 198.683209497218)
(-37.400508563445875, 198.59152238361986)
(-37.27637711861339, 198.54265473420023)
(-37.16983302134122, 198.47667676019057)
(-36.90024901167048, 198.24906136504842)
(-36.7277458010334, 198.14131853310877)
(-36.658946704962176, 198.11082703586487)
(-36.35713526360399, 198.05092051212978)
(-35.926934633057165, 198.0147224622945)
(-35.45130047906299, 198.0014549873075)
(-35.01451782605415, 198.01364515558888)
(-34.371102484520414, 198.09609069846402)
(-33.94270516258624, 198.0846536123593)
(-33.535268590776255, 198.03965020026232)
(-33.16536413900671, 198.0421307475856)
(-33.020899230214525, 198.06278979022684)
(-32.824249367178446, 198.14418238843493)
(-32.11414122366167, 198.47876010910653)
(-31.645163170746844, 198.73741023710375)
(-31.075521392070055, 199.1252640584492)
(-30.502482606723895, 199.5529225095413)
(-30.034220266971627, 199.9420799406809)
(-29.788420227646398, 200.22368233606522)
(-29.728118661899654, 200.48186567392344)
(-29.720226259943654, 200.83558116287315)
(-29.524928948535884, 201.53247270153318)
(-29.48573267369215, 201.99314902480012)
(-29.50166362899999, 202.55960588605075)
(-29.570797208815325, 203.2230519086266)
(-29.76011398896378, 204.35723990172426)
(-29.83114233646742, 204.92332176652843)
(-29.83493664636801, 205.08883203829538)
(-29.768852971665265, 205.3175658879138)
(-29.750070295743857, 205.46149845348242)
(-29.710263933982585, 206.23340866967715)
(-29.67525019631197, 206.3532254916453)
(-29.623093604824092, 206.42688258671683)
(-29.552056329133766, 206.4611537005986)
(-29.375157781282542, 206.46163537054701)
(-29.17941693890578, 206.40148636975238)
(-28.980694082389928, 206.28930695233225)
(-28.79466750520192, 206.13379613175556)
(-28.53924804243763, 205.8140982899336)
(-28.185772457160056, 205.42058307815472)
(-27.24685003331239, 204.47389385369183)
(-26.169866170015418, 203.28077620521452)
(-25.016718521728656, 202.05314838897868)
(-24.34822108620729, 201.3109924600741)
(-23.75095848247375, 200.621274600373)
(-23.27999605009516, 200.0513544832248)
(-22.87970472347679, 199.5206337049151)
(-22.57952987616072, 199.16604773655382)
(-21.87362114463562, 198.4290997312333)
(-21.407571788129285, 197.90369368692194)
(-20.408106690057362, 196.71343108910378)
(-19.24248271960675, 195.34546340754605)
(-18.65485663726591, 194.5976348742779)
(-18.32209165240608, 194.19275355621477)
(-17.989541146710653, 193.80817395124058)
(-17.679230844108435, 193.46886658297586)
(-17.263564331261712, 193.0499026483161)
(-17.094439632360597, 192.8635602573182)
(-16.75068144878104, 192.44812966994468)
(-16.335809204638423, 191.90343895766983)
(-16.216175543889417, 191.75981653622364)
(-15.981079155698255, 191.52196541518367)
(-15.879212920797704, 191.39863666594692)
(-15.615851900004346, 191.03465793616797)
(-15.15420684056016, 190.34134697301818)
(-14.826744757062311, 189.8862844245757)
(-14.442108502590354, 189.37855537158708)
(-14.022425326446962, 188.74576667300704)
(-13.923390828515252, 188.61454999891785)
(-13.713997075164073, 188.38594449269954)
(-13.509975273296854, 188.21447495464002)
(-13.419319267701477, 188.12270194525837)
(-13.341254399744969, 188.02544951901658)
(-13.276230637755555, 187.92356157486591)
(-13.179833549441103, 187.72443622724802)
(-13.064270174231558, 187.5438982638556)
(-12.848120466354382, 187.3173669063762)
(-12.448354756604191, 186.8366117961908)
(-10.782339390905364, 184.67887514918888)
(-9.46129608923183, 182.97268759162247)
(-9.021656476126289, 182.36799782093215)
(-8.751277508727108, 181.95766782449687)
(-8.586873383317341, 181.75345182834863)
(-8.387831377922735, 181.54754391641154)
(-8.258444251491504, 181.36808019979884)
(-8.158796537514675, 181.19598030087673)
(-8.03417784584269, 181.02003747011096)
(-7.834899474678211, 180.80974486951706)
(-7.64462672386866, 180.5643769418638)
(-7.175676347191073, 179.85281794345997)
(-6.829291873930555, 179.37914992757456)
(-6.293009708098046, 178.67902147835943)
(-5.893285392129672, 178.12387166365505)
(-5.4934363847107415, 177.54250201412327)
(-5.127473492775665, 176.98476382112835)
(-4.560708597634363, 176.0732347751175)
(-4.4946340382341825, 175.97993419374865)
(-4.172650654011655, 175.58705959436338)
(-3.6862200388341293, 174.9246464200861)
(-3.123188381532305, 174.12379304129777)
(-2.6169859347597813, 173.37381842757526)
(-2.0345068803305972, 172.43654843533824)
(-1.885707199438768, 172.22764197348516)
(-1.7278316615891376, 172.02594174727562)
(-1.3741900368002267, 171.6070265448022)
(-1.1631215599130178, 171.32580492149805)
(-0.9243720647967192, 170.9832460729242)
(-0.6539477599740193, 170.57318117815305)
(-0.06101522071662976, 169.63355031163962)
(0.6013279980456738, 168.6107245674238)
(1.943618414441713, 166.6244634527862)
(2.626982005328697, 165.548537026193)
(4.330226235355946, 162.93362214296275)
(4.843228155791489, 162.11396245229454)
(5.158554168367317, 161.5740918878443)
(5.382248296797306, 161.23362236632852)
(5.59946446959355, 160.9297400044401)
(5.890281286043758, 160.48915518099042)
(6.585201139437111, 159.35178625921787)
(8.043818562592273, 157.03428615711488)
(8.827345708289046, 155.75244446700998)
(10.66314750686437, 152.67937389864585)
(12.813929806651974, 149.06939161269693)
(14.053083925451132, 146.9267991371483)
(15.245223570573998, 144.94030519860735)
(15.623064358015393, 144.292272886627)
(16.389040296928233, 142.9372688935053)
(17.61888321908148, 140.69357410605656)
(18.44931088210522, 139.2122270247968)
(19.330440371542032, 137.59800178109012)
(19.531883547818435, 137.24241033715717)
(19.861914195965053, 136.70190147018548)
(19.973538997876737, 136.5450424686029)
(20.085412594530705, 136.41707263578994)
(20.1368454201827, 136.41212859153046)
(20.12568399659263, 136.5651159345008)
(20.050898807108087, 136.90886212991424)
(19.79471283611517, 137.9461913223383)
(19.665942158627704, 138.4173705637653)
(19.38854425281224, 139.32717670405106)
(19.01694188736651, 140.47596416507446)
(18.660181517416028, 141.75449066148903)
(18.169282133855955, 143.66877539293475)
(15.698032321426151, 157.21307146531058)
(15.503300158121204, 159.3232641798086)
(15.418863030008193, 160.05635236565865)
(15.375197741930643, 160.30259356619575)
(15.33126187905101, 160.45763754587452)
(15.267635354011693, 160.58735233986843)
(15.01402871345576, 161.04455428393084)
(13.274244156433186, 163.9468060299346)
(11.743968482385375, 166.51995732236685)
(10.730024269845995, 168.2459141863473)
(9.873869391992992, 169.6172921618071)
(9.435256429838459, 170.35273188355245)
(8.019461797595925, 172.88628349970128)
(7.506921475490818, 173.76992097815)
(7.065325045189136, 174.50642438402582)
(6.628348902762053, 175.1838544248915)
(6.321948279905727, 175.67936591264686)
(5.760082344176375, 176.65425868570998)
(5.3748618811596405, 177.27268387370964)
(4.411560682737382, 178.90805094089535)
(4.107058096937748, 179.39005731888903)
(3.964333753528514, 179.5825632789854)
(3.876961682710598, 179.7233566088637)
(3.6634506999227145, 180.11299181593904)
(3.4411629188165027, 180.56258368688933)
(3.201732234555738, 181.00342840261536)
(3.0938730220841637, 181.18054248365985)
(2.782845594099004, 181.6156710099633)
(2.5546612835600326, 181.96287871070803)
(2.3499567787389206, 182.30135916216204)
(2.19673723841092, 182.5846801880067)
(2.080250035610591, 182.8606051116356)
(1.985127166809467, 183.02464891243636)
(1.8477401716347666, 183.24126045502345)
(1.486995140397664, 183.76184965236382)
(0.45280797929462735, 185.296954460876)
(-0.9247475003676021, 187.44323698539017)
(-2.3190878209925265, 189.664921490857)
(-3.4094497218931687, 191.4617324490697)
(-3.8785572313112913, 192.35771281574796)
(-3.8934035319799976, 192.41678146080574)
(-3.949053788754526, 192.5212881652161)
(-3.9840329340413385, 192.55947822839886)
(-4.0624411257880855, 192.61112300202728)
(-4.174052456428959, 192.74989831768738)
(-4.373154102430538, 193.1051174256378)
(-4.633235590193761, 193.52422131341666)
(-5.31098481620623, 194.51122707907638)
(-6.135208979977785, 195.80586351494298)
(-6.574713534113113, 196.43430702949817)
(-7.32303703532702, 197.4421348044457)
(-7.867559626237405, 198.19565429455372)
(-8.347718698860696, 198.88076556254526)
(-8.687121457748798, 199.39067877419126)
(-8.824384172760617, 199.66018822793774)
(-8.874495240025892, 199.73789758920958)
(-9.306016129128635, 200.2630131772056)
(-9.558842848811356, 200.60544862588006)
(-9.665669883894633, 200.76929948078455)
(-9.904830786329969, 201.18056802509983)
(-10.082650267598606, 201.4393001919926)
(-10.29407426548278, 201.69973906334846)
(-10.820833263915208, 202.3913849588786)
(-12.699255646331501, 204.87446799222914)
(-13.587379310506822, 205.9659553965758)
(-13.893545432740346, 206.40203918954268)
(-14.181660206204864, 206.8837992021622)
(-14.390397346071067, 207.19424756745158)
(-14.600628809230523, 207.47738692224544)
(-14.790546202411134, 207.70348264615222)
(-15.011942843137486, 207.92144851484164)
(-15.14158785727806, 208.08441541502447)
(-15.5181000266369, 208.59110058229695)
(-16.41297451337177, 209.84078325701807)
(-16.85880564531811, 210.42928231528145)
(-17.106150073814547, 210.7868723402746)
(-17.414973238755078, 211.2945122459003)
(-17.789250841747325, 211.83564017541346)
(-18.769341976028937, 213.1119688543765)
(-19.208757249014393, 213.70049121596278)
(-19.598179808168535, 214.2527414691254)
(-19.81518105054901, 214.51021429215615)
(-20.034433201356258, 214.70743027320367)
(-20.280777104680283, 214.86554808335356)
(-20.579083385510966, 215.00535229424932)
(-20.84952882799857, 215.14991137502886)
(-21.336172841752308, 215.4370885012127)
(-22.796333226303116, 216.3213473531373)
(-24.744176171809098, 217.48145514371785)
(-26.877646581901153, 218.63819211943584)
(-27.915489023649325, 219.1526213143342)
(-30.012961777882357, 220.10920942058308)
(-33.54628396498193, 221.62447323137863)
(-40.378378005416366, 224.11829116474559)
(-43.90225110911964, 225.13674764409046)
(-44.94783780792373, 225.38859191430788)
(-46.27544703443853, 225.62153817163463)
(-46.460727252350985, 225.6673396180644)
(-46.69216941505852, 225.7520295413585)
(-46.80184268413159, 225.77299908715526)
(-46.91340891820807, 225.77180093998916)
(-47.249146592685186, 225.6692106837574)
(-47.496468218810534, 225.63713913457653)
(-47.73126899691631, 225.6625449196632)
(-48.06987909134634, 225.75001304837923)
(-48.342897867587766, 225.7936098620829)
(-48.574750351947415, 225.793959793612)
(-48.78985395616481, 225.751297045812)
(-49.153053902522856, 225.61086585113398)
(-49.452063831328935, 225.52111070817554)
(-49.95954002312129, 225.42368390892895)
(-50.24792133874891, 225.29271052093915)
(-50.512013623997476, 225.12059437654466)
(-50.69982343116289, 224.94094261069824)
(-50.767707185562756, 224.73163170887705)
(-50.84462222651618, 224.60474466522166)
(-51.21731684594135, 224.30274302986462)
(-51.37387710595728, 224.04642758057153)
(-51.448910307131, 223.7095803438486)
(-51.44515714337542, 223.28062618572795)
(-51.36510070596491, 222.7476627691105)
(-51.16730534651056, 221.98369096185493)
(-51.07134413730139, 221.76628821845904)
PEN UP
(-21.766267581749403, 222.9345410786313)
PEN DOWN
(-21.839248592718107, 222.55156230421494)
(-21.870762736597648, 222.15510978564575)
(-21.860203118880587, 221.70164191375972)
(-21.805321308739682, 221.14704298212573)
(-21.56714522590066, 219.68793148615035)
(-21.43902365136829, 219.11817643136857)
(-21.294775311323434, 218.65288594604368)
(-21.108745402337735, 218.20657512205472)
(-20.853801856495792, 217.69291897440638)
(-20.41512681773418, 216.90832439461877)
(-19.938862955943524, 216.15713009496307)
(-19.19081023488322, 215.15419583624387)
(-16.742268952063917, 213.49496062137865)
(-15.161384434052245, 212.38527787617483)
(-13.967245545580557, 211.55671815498988)
(-13.253862496481107, 211.09603265655565)
(-12.79243665712595, 210.7671400224204)
(-12.208684092742676, 210.32159061925188)
(-11.482486447821355, 209.7396572771671)
(-7.3704650551287765, 206.1801972091825)
(-5.577178506797752, 204.56364790610513)
(-2.960317823855333, 202.1226836820626)
(2.545104088084856, 196.60274825136003)
(5.5897810065488205, 193.3315202794757)
(10.033089705637295, 188.1818206782503)
(10.680020906424827, 187.42383259436946)
(11.179509555340829, 186.85209285098773)
(11.870988732686572, 186.1003252125564)
(12.431836462016811, 185.44853027611506)
(12.695115796790487, 185.1150497741966)
(13.504388441937389, 184.03946762496014)
(14.200702434874955, 183.1590508232893)
(14.899916692138508, 182.29792337834516)
(15.685887288120705, 181.27701072576775)
(16.06832910027001, 180.75502295688347)
(16.90930922350415, 179.5570864378265)
(17.23648729257005, 179.1067232082352)
(17.4413781363007, 178.85922659195228)
(17.567890889132826, 178.76139309897508)
(17.660205993598613, 178.75884382581154)
(17.852471304873852, 179.03946849476785)
(18.18319799416783, 179.7051738810446)
(18.612639415857323, 180.59916641024265)
(19.09185075992819, 181.57524846957904)
(19.802435699638586, 182.98101791266862)
(20.276285084912562, 183.74778114750723)
(20.470884265566873, 184.00164788980942)
(20.713779766667454, 184.2327248256478)
(20.88009160154511, 184.42605236386373)
(21.164426369138468, 184.9160480077828)
(21.630464027982164, 185.42368286503432)
(22.21585676722602, 185.94918538226722)
(22.755365121607596, 186.34605833029843)
(23.066114720700785, 186.4897072256688)
(23.155892798318227, 186.50765252963214)
(23.287900522656194, 186.5902231632225)
(23.671876525349052, 186.92965825465365)
(24.83939204567968, 187.98902990021844)
(25.783024723942308, 188.56446701270886)
(24.887845067333362, 190.24812044275296)
(24.50491193056844, 190.90861933986002)
(23.866740996951386, 191.94731274156197)
(23.35573885427421, 192.8261044146952)
(22.624926731455275, 193.93992435184464)
(20.757018760914004, 196.60347617501512)
(20.213642070414554, 197.3809633122595)
(19.801249656460467, 197.9948935556958)
(19.447100676539357, 198.5561026847674)
(18.525980916743602, 200.06174487655602)
(17.76293305273661, 201.2098178349769)
(16.89885459610093, 202.45159607053984)
(16.044051720907916, 203.6261220036699)
(15.193552774582544, 204.7342401377579)
(14.864510024971834, 205.24016373089393)
(14.081067585847878, 206.5576623372068)
(13.906922996217858, 206.80446365351634)
(13.72599416172932, 207.02522404513348)
(13.027300387614092, 207.76167211180632)
(12.850821595754072, 207.99433437876013)
(12.034604536423716, 209.24561092681242)
(11.377872502636542, 210.1549974512914)
(9.987838306968108, 211.91044826786248)
(9.431337344377134, 212.64744063144454)
(9.257558638279956, 212.90146788162582)
(8.507671136246904, 213.87035384620384)
(7.068960818922798, 215.56805605416497)
(5.358562990693559, 217.47062689873272)
(3.8205521848633275, 219.07821987657357)
(2.9359660978592284, 219.91578866215778)
(2.3824902379713815, 220.37888838132287)
(1.8046552513935477, 220.91564622116522)
(1.3863723090386928, 221.25587075280114)
(0.7192786451795766, 221.69089606189755)
(0.49422024918207247, 221.8838199913905)
(0.43268570416846297, 221.9632917244472)
(-0.0975490531344197, 222.40876220225076)
(-1.2455046797926685, 223.19794846451595)
(-2.7116625340039517, 224.11115991974674)
(-4.178537089576746, 224.9402010296646)
(-5.304216505223381, 225.49387848581804)
(-7.599497245862646, 226.48024826090764)
(-8.356753826032142, 226.7418121829227)
(-9.094954278998081, 226.95243602247874)
(-9.78212072928322, 227.10412598582104)
(-10.385950576240988, 227.1897988213012)
(-14.699911099438452, 227.4668548329337)
(-15.655635431635497, 227.4264645650752)
(-16.540844374545877, 227.31259184171557)
(-17.31953333345186, 227.13108678273665)
(-18.39721171198874, 226.70724521150927)
(-19.409752384803895, 226.33513788593484)
(-19.657216791118508, 226.19537935030488)
(-19.916459660947755, 225.9683233398871)
(-20.244351528210693, 225.59622011880074)
(-21.061012709028105, 224.49384312467376)
(-21.33168209650754, 224.05231986987675)
(-21.525912830126824, 223.6652136562723)
(-21.664665541862703, 223.30284611064795)
(-21.766267581749403, 222.9345410786313)
PEN UP
(-17.58127842510531, 212.5869045692286)
PEN DOWN
(-17.312603717002524, 212.16110773764007)
(-16.916517105820347, 211.611422896568)
(-16.251427401398207, 210.74337290961932)
(-14.959911661962163, 208.94779434308236)
(-13.976573734881205, 207.6378325041835)
(-12.914895819967445, 206.23416392509634)
(-12.034036555748536, 205.0837425903033)
(-11.587868377971422, 204.54436366873767)
(-11.527847057607834, 204.49056730651097)
(-11.410211495197725, 204.35055777875613)
(-11.267424431999396, 204.0973671429001)
(-10.985316122934812, 203.6933234243288)
(-9.959045128947116, 202.3446318202129)
(-9.381064658390866, 201.49615848591336)
(-8.831207914917252, 200.7197197492776)
(-7.710042740484774, 199.16770365916858)
(-7.348364115359795, 198.70397002867978)
(-6.955029343087394, 198.04120994145106)
(-6.7627099847260945, 197.7619814019842)
(-6.587433074602944, 197.54054874134152)
(-6.3533755876983316, 197.18114034159726)
(-5.8788887365558, 196.35659025617224)
(-5.652139913721201, 196.0334665323632)
(-5.464418686643346, 195.82066063854126)
(-5.122824440539484, 195.32362627953586)
(-4.120068141140243, 193.67626252263463)
(-3.9978000928706345, 193.48551637424038)
(-3.8796039064181826, 193.32934011244254)
(-3.699837175673412, 193.06023000742488)
(-3.052950145270861, 192.01397125632604)
(-2.6107766075735612, 191.3316536590366)
(-1.8578101075567957, 190.0273493177089)
(-1.290591239950827, 189.08213517222646)
(-0.6981980048734943, 188.12238654655437)
(-0.19137781667710088, 187.32789762920834)
(0.4789681296133335, 186.37300511325995)
(0.8910427672186036, 185.68567100683325)
(1.4359234462845025, 184.83929632502355)
(2.2112195866069135, 183.55445135406617)
(3.9785605898542786, 180.5301334060499)
(4.597302813344095, 179.4161763136491)
(4.799030705462569, 179.06961302272725)
(5.305784570377506, 178.2386828634488)
(6.0628632453239515, 177.03861879280527)
(6.6615892514989685, 176.05084491233316)
(7.455617090558793, 174.83539277380328)
(7.846705192567403, 174.20066103899035)
(7.990521352881859, 173.95185213094834)
(8.158910649715859, 173.6228579876706)
(8.407494204171973, 173.17578547145837)
(8.997498793548754, 172.1938731133598)
(9.451148074512606, 171.38228689549476)
(9.969895716435852, 170.54411228362312)
(10.236123440364583, 170.09376347120457)
(10.344072102249871, 169.895739251309)
(10.617173728605932, 169.35207506970306)
(11.368832005639097, 167.98194141921908)
(12.918814378304655, 165.25142677027824)
(14.023716443542535, 163.27207850456674)
(14.526358451126969, 162.41647817478753)
(14.738133948232917, 162.0745835831023)
(14.897035752804033, 161.83539780866656)
(15.279226943439777, 161.29330260160742)
(15.254485502724814, 162.69050236448993)
(15.241729272969888, 164.06413660170443)
(15.532207871569893, 169.83511702496753)
(16.563141934492393, 174.7284475486961)
(16.727925717908114, 175.31630223747285)
(17.087055967184977, 176.58965501426525)
(17.35127362301459, 177.28799542389382)
(17.426637546283242, 177.62527431589172)
(17.393000848909704, 177.92062507032037)
(17.242369811757353, 178.2337276060315)
(16.697895075789216, 178.9969771556791)
(16.08464495797018, 179.9023215656607)
(15.743388422828309, 180.35831630591764)
(14.682233308784435, 181.7026898696263)
(12.161643612742399, 184.73974723445025)
(11.322655177790752, 185.75085865472172)
(3.3525537079853027, 194.8188857703841)
(-3.4656642877358372, 201.6702573162574)
(-5.904667920189329, 203.93446111073848)
(-9.696186332959913, 207.28925965307138)
(-12.247956238367342, 209.33882041516213)
(-14.762930206606217, 211.20423430441838)
(-16.742241596810796, 212.55373736670293)
(-17.655824729670822, 213.09309383783386)
(-17.754652363250624, 213.1017892986761)
(-17.799924034987523, 213.0753993016844)
(-17.788323238336893, 212.99411611275679)
(-17.58127842510531, 212.5869045692286)
PEN UP
(-42.38747137283543, 219.42003814733357)
PEN DOWN
(-42.233402020022254, 219.60293812438255)
(-42.00798719380715, 219.7498724659619)
(-41.734595462719135, 219.85117604248956)
(-41.43741175368919, 219.89768235945255)
(-41.141204759098194, 219.8807687414372)
(-40.71669048980792, 219.744044254344)
(-40.29702088479885, 219.4760857295899)
(-39.90087403044314, 219.09443443628487)
(-39.54532612380496, 218.61647169824187)
(-39.24598263937572, 218.05935085322162)
(-39.109214201511875, 217.71208526903638)
(-39.063847282006904, 217.45001052649008)
(-39.11717099487068, 217.24657966408404)
(-39.27606166452765, 217.07466724561903)
(-39.54666309897145, 216.90634321221523)
(-39.787998963509246, 216.78542799303347)
(-39.9645534547712, 216.72228635775787)
(-40.12389957384951, 216.71647110857342)
(-40.312851287041056, 216.7667480235331)
(-40.57800460801701, 216.87126030995358)
(-41.02352880944555, 217.08059444338122)
(-41.389160683888015, 217.29885648863865)
(-41.685342831405684, 217.53546129836894)
(-41.922382648927154, 217.7993577189834)
(-42.11039199620256, 218.09910871236806)
(-42.29134556588478, 218.47492147356866)
(-42.4067986410103, 218.7830856259481)
(-42.45947747243883, 219.03552214349818)
(-42.452127373929656, 219.24397813382387)
(-42.38747137283543, 219.42003814733357)
PEN UP
PEN DOWN
PEN UP
END
