START
(17.852980894783443, 88.05744753521275)
PEN DOWN
(17.866741946744245, 88.47742726893819)
(17.857340921382576, 89.14569197081238)
(17.83479391591893, 89.94409724457908)
(17.804625160837578, 90.75914397650378)
(17.766683183626057, 91.48302267438494)
(17.766683183626057, 91.48302267438494)
(17.643960103148526, 92.48849253698259)
(17.409563857609275, 93.85247511416901)
(17.123709801509094, 95.31875553076625)
(16.831613006885405, 96.64594936931566)
(16.565076650662114, 97.60532803796666)
(16.565076650662114, 97.60532803796666)
(16.231619824691766, 98.50179778535238)
(15.808017211513901, 99.5562542621996)
(15.347334404115207, 100.64411996539167)
(14.899799781181915, 101.6446351309042)
(14.51337098667353, 102.44033101288451)
(14.51337098667353, 102.44033101288451)
(14.307815483024541, 102.82171904717998)
(14.06938774701232, 103.24842159149527)
(13.816321188871344, 103.68669892932961)
(13.566715867541163, 104.10320110288393)
(13.33857865196112, 104.46494996082528)
(13.33857865196112, 104.46494996082528)
(12.67949925868297, 105.4222882418162)
(11.727167399622303, 106.71502081409018)
(10.657110018932336, 108.10171175370986)
(9.646690413864603, 109.35038839470414)
(8.87673433621167, 110.2383039534161)
(8.87673433621167, 110.2383039534161)
(8.59160977579245, 110.55561092324893)
(8.292230425082959, 110.91041947699894)
(7.982552043253682, 111.29735009932087)
(7.666578773490059, 111.71106660300171)
(7.348362340712493, 112.14628300912021)
(7.348362340712493, 112.14628300912021)
(6.875830013663858, 112.76787453904714)
(6.2009789294018445, 113.59167803259679)
(5.1999025167411075, 114.75115158119478)
(3.742353729257539, 116.37153392783308)
(1.6856771022293653, 118.56493122231755)
(1.6856771022293653, 118.56493122231755)
(0.11358532868356722, 120.18289388742022)
(-1.2885492073258655, 121.59033723881421)
(-2.425193944824112, 122.70978368263022)
(-3.1971468358005906, 123.46568014790498)
(-3.504995362299685, 123.7816399430482)
(-3.504995362299685, 123.7816399430482)
(-3.578699577882488, 124.05213302205074)
(-3.546162696179157, 124.41072358673328)
(-3.419101195366257, 124.80444163220122)
(-3.210869974378465, 125.18074436585218)
(-2.9377254060700744, 125.48822461018304)
(-2.9377254060700744, 125.48822461018304)
(-2.7698788492515023, 125.64918317238491)
(-2.623216990198243, 125.82659845478359)
(-2.4966879306291943, 126.02143774828292)
(-2.3892066319840337, 126.23462902660854)
(-2.2996531015129356, 126.46706337380483)
(-2.2996531015129356, 126.46706337380483)
(-2.2261313100657447, 126.67391554865029)
(-2.1485727880695653, 126.8844823000451)
(-2.0729544655129164, 127.08364736051468)
(-2.0057288256939088, 127.25650869964697)
(-1.9537208870700924, 127.3883312124138)
(-1.9537208870700924, 127.3883312124138)
(-1.4574880013931992, 128.59748375794302)
(-0.9563209687973323, 129.84793307130326)
(-0.48535155966983773, 131.04609888497885)
(-0.09858640293550403, 132.10585741978926)
(0.13418694241503543, 132.94666140228028)
(0.13418694241503543, 132.94666140228028)
(0.18555494127597605, 133.1845403035538)
(0.2580582042413565, 133.50972629527993)
(0.3479012762278018, 133.89228677065665)
(0.4502995171067136, 134.3026270011758)
(0.5589773854746694, 134.7116463928267)
(0.5589773854746694, 134.7116463928267)
(0.6718169467290225, 135.11549051175479)
(0.7753242175981053, 135.52170576815874)
(0.8622138227625713, 135.90016987132324)
(0.9235781585110406, 136.2212340254251)
(0.9494240480799151, 136.4555396352929)
(0.9494240480799151, 136.4555396352929)
(0.9140705715759104, 137.24585116143305)
(0.8078531154119832, 138.31176165729462)
(0.6685243713809405, 139.43395967360527)
(0.5157677126864525, 140.39783496835122)
(0.3536007774433764, 140.99241825766973)
(0.3536007774433764, 140.99241825766973)
(0.2757949640393096, 141.20326388262862)
(0.2027916933284592, 141.46140622217263)
(0.1410625408429471, 141.74389297108553)
(0.09684483546687783, 142.02783929867206)
(0.07598541631475818, 142.29044947424453)
(0.07598541631475818, 142.29044947424453)
(0.04405208963884667, 142.56947371740048)
(-0.01958329026678761, 142.88823988913902)
(-0.10798132723369615, 143.22134938816566)
(-0.21472009593886113, 143.54350880777258)
(-0.3337702823129046, 143.82951486128403)
(-0.3337702823129046, 143.82951486128403)
(-0.47710347389719326, 144.1231519915906)
(-0.6238935731246168, 144.45933247459058)
(-0.7638664922033024, 144.8122136598168)
(-0.8869313200568744, 145.1560452125858)
(-0.9832915442767077, 145.46517389938964)
(-0.9832915442767077, 145.46517389938964)
(-1.0682722936126345, 145.73466686751195)
(-1.154103595632215, 145.98200334830696)
(-1.2344465415063395, 146.19028011716426)
(-1.3029930547932074, 146.3426172345446)
(-1.353350908137119, 146.42213348756766)
(-1.353350908137119, 146.42213348756766)
(-1.3918029397449458, 146.483891138707)
(-1.427261968952889, 146.58678468711432)
(-1.4570436024230715, 146.7196492801364)
(-1.4784251632027752, 146.8713165630388)
(-1.4887352990750318, 147.03062777290785)
(-1.4887352990750318, 147.03062777290785)
(-1.5117489687089296, 147.2744192364586)
(-1.6094240940137374, 147.53381125391164)
(-1.8146510917152339, 147.85824596471946)
(-2.161394000240853, 148.29680979086828)
(-2.686172874214933, 148.898064461275)
(-2.686172874214933, 148.898064461275)
(-3.072295264330725, 149.33910804406577)
(-3.414822298226045, 149.732123787404)
(-3.6892594566106798, 150.05232133880173)
(-3.8706225609648666, 150.27497443500417)
(-3.9340329053935896, 150.37533013879036)
(-3.9340329053935896, 150.37533013879036)
(-4.362230927941367, 150.78362125499467)
(-5.576532565075282, 151.8468733817519)
(-7.51616021381435, 153.42953049553716)
(-10.159286211486625, 155.3924252989512)
(-13.517790572921038, 157.59456105864385)
(-13.517790572921038, 157.59456105864385)
(-17.431270188568746, 159.79123332798196)
(-21.552976919427415, 161.74914514230622)
(-25.54499637020286, 163.34862424089275)
(-28.85672446939803, 164.49121027790696)
(-30.76809665292615, 165.09606963588723)
(-30.76809665292615, 165.09606963588723)
(-32.45093693710484, 165.5962668831129)
(-33.72094947298397, 165.90134993384027)
(-34.726421275942286, 166.04672723171453)
(-35.644833053866726, 166.06405700839935)
(-36.665624146046, 165.98189844768402)
(-36.665624146046, 165.98189844768402)
(-37.0502077277596, 165.93043029720232)
(-37.33825554611724, 165.86762832907723)
(-37.54183936995984, 165.79065187042474)
(-37.67291209674398, 165.69651821262474)
(-37.743325757914974, 165.5821420756364)
(-37.743325757914974, 165.5821420756364)
(-37.763779980042216, 165.44933154151283)
(-37.711291117191394, 165.35741099418198)
(-37.55282838151328, 165.29524950703896)
(-37.254600846573936, 165.25147342941153)
(-36.78257088662555, 165.21429468561914)
(-36.78257088662555, 165.21429468561914)
(-36.199923376047636, 165.13679497899315)
(-35.32791845168268, 164.96225890777282)
(-34.09425437118043, 164.6634527675739)
(-32.44936708361391, 164.21056607805485)
(-30.37263254633218, 163.57061886443998)
(-30.37263254633218, 163.57061886443998)
(-25.59520338087302, 161.86328335780817)
(-22.28553528360285, 160.487775502787)
(-19.95674277393395, 159.43636774197532)
(-18.3097712586122, 158.67961120714125)
(-17.1427367673891, 158.17704536140621)
(-17.1427367673891, 158.17704536140621)
(-16.537607715987214, 157.91815276328586)
(-15.996800243185824, 157.66018321833135)
(-15.519705583570888, 157.40523425624724)
(-15.105682987676513, 157.15533273433337)
(-14.75411042291621, 156.9124366148219)
(-14.75411042291621, 156.9124366148219)
(-14.446836693181423, 156.68664132431206)
(-14.070701408400245, 156.4309959653727)
(-13.658769982263522, 156.16555936663113)
(-13.242448417029497, 155.9105639313714)
(-12.85141785893876, 155.6864440790205)
(-12.85141785893876, 155.6864440790205)
(-11.523183410222611, 154.8592730174038)
(-9.613443155891275, 153.5067214578813)
(-7.616431193292645, 151.93476813342716)
(-5.921481759596091, 150.46281869316076)
(-4.843589612301428, 149.42112888197465)
(-4.843589612301428, 149.42112888197465)
(-4.5220994098125145, 149.06373750021146)
(-4.209420502258134, 148.66246495257)
(-3.915701056966123, 148.23462530200163)
(-3.6506811627062974, 147.79757360587186)
(-3.423886210651305, 147.36871001607562)
(-3.423886210651305, 147.36871001607562)
(-3.237784458098884, 146.9978437004369)
(-3.0534830997950504, 146.65554532823572)
(-2.885302406339648, 146.36480381378186)
(-2.747357572112389, 146.1486630054755)
(-2.6535419312034683, 146.03018597269957)
(-2.6535419312034683, 146.03018597269957)
(-2.58873097737679, 145.94025604071038)
(-2.5314313416295025, 145.80327160842185)
(-2.4856597351553895, 145.63253166135667)
(-2.4553474031827833, 145.4413236070179)
(-2.444471530449801, 145.2429403378908)
(-2.444471530449801, 145.2429403378908)
(-2.4339887400416234, 145.02624787424224)
(-2.3918353366358946, 144.77278052262923)
(-2.3229241288984084, 144.50349818294575)
(-2.2325702191954044, 144.23942482704697)
(-2.1263600197613624, 144.00163962210559)
(-2.1263600197613624, 144.00163962210559)
(-1.6671047362865743, 142.9055224821912)
(-1.2957965323703142, 141.73413857803124)
(-1.020375997578146, 140.56708928835243)
(-0.8548549130241414, 139.48502683282265)
(-0.8199224552139213, 138.56984307247694)
(-0.8199224552139213, 138.56984307247694)
(-0.8353672501653069, 138.17160339157212)
(-0.8423878767156456, 137.71234565502002)
(-0.8414420436203286, 137.2296000472989)
(-0.8347285769064933, 136.7613418024191)
(-0.8260910153392433, 136.34599027678775)
(-0.8260910153392433, 136.34599027678775)
(-0.8213033524450115, 135.93804106334446)
(-0.8329003543387302, 135.4852558450992)
(-0.8575674107294734, 135.02439023844468)
(-0.8937882009917937, 134.5927031192701)
(-0.9417919687836999, 134.22796603317838)
(-0.9417919687836999, 134.22796603317838)
(-1.164917506607929, 133.37628827755816)
(-1.5277439147018028, 132.2539751581854)
(-1.9315961127336359, 131.04257318938897)
(-2.312389798428969, 129.93591410778217)
(-2.6381384966551704, 129.14023059387063)
(-2.6381384966551704, 129.14023059387063)
(-2.745711870714967, 128.91182334976224)
(-2.856047794032975, 128.6555367329039)
(-2.961455050814701, 128.39173357612455)
(-3.055097152029855, 128.14113799322513)
(-3.1309188369871874, 127.92480434673602)
(-3.1309188369871874, 127.92480434673602)
(-3.2106296557346887, 127.70394598635237)
(-3.322297066731201, 127.47117502802318)
(-3.4582052759352577, 127.23780152747246)
(-3.6111582186635576, 127.01535966353875)
(-3.7745166135256283, 126.81564487213464)
(-3.7745166135256283, 126.81564487213464)
(-3.917389029568654, 126.6389241864772)
(-4.041559612288731, 126.4577114458497)
(-4.1387695363363655, 126.28524768547591)
(-4.201183326750674, 126.13496910276024)
(-4.221203161428471, 126.02039712671306)
(-4.221203161428471, 126.02039712671306)
(-4.229588218434074, 125.92200445812078)
(-4.257865943120499, 125.83894164335359)
(-4.30440550861769, 125.77265360071185)
(-4.3676149409116345, 125.72459054716103)
(-4.445937389837197, 125.69621041601802)
(-4.445937389837197, 125.69621041601802)
(-4.5310602151314505, 125.65861134033017)
(-4.638363652544983, 125.5841703229696)
(-4.757875837855228, 125.48046240732278)
(-4.879763288764118, 125.35517380780591)
(-4.9944445861908555, 125.21615934643943)
(-4.9944445861908555, 125.21615934643943)
(-5.262748747639845, 124.85443056890158)
(-5.135629181631776, 124.39879169531338)
(-4.226685342581514, 123.42238204587633)
(-2.1757065155302278, 121.47016056019774)
(1.31857362165412, 118.02471078237089)
(1.31857362165412, 118.02471078237089)
(4.012183684682025, 115.19539892374586)
(5.839294427751686, 113.18046579728862)
(7.027585569149969, 111.81109964559226)
(7.781440806751811, 110.89226315004761)
(8.294569191754325, 110.21353249260869)
(8.294569191754325, 110.21353249260869)
(8.620463071343234, 109.7702453728852)
(8.955664620501041, 109.33177391944803)
(9.283417696873425, 108.91829262863045)
(9.58708988745904, 108.55025126466023)
(9.850161615992903, 108.24833736746423)
(9.850161615992903, 108.24833736746423)
(10.143831991911231, 107.9140966176387)
(10.378273769681174, 107.62160435030816)
(10.585269444524473, 107.32534409420208)
(10.796558252963113, 106.97930918292448)
(11.043965959208306, 106.53697001332667)
(11.043965959208306, 106.53697001332667)
(11.297920552740994, 106.08882822937218)
(11.570947531984306, 105.64641171560196)
(11.889162036839963, 105.1703732511018)
(12.278674221152654, 104.62073437898806)
(12.765531256585048, 103.95666836518566)
(12.765531256585048, 103.95666836518566)
(13.715468293539669, 102.61036020409036)
(14.424757370444063, 101.45047007757591)
(14.974199102454723, 100.32545896123658)
(15.447049702936729, 99.07682922436041)
(15.931811855392885, 97.53815560833738)
(15.931811855392885, 97.53815560833738)
(16.370352079360607, 95.93435427012842)
(16.707621393876583, 94.3953896383864)
(16.942787544783037, 92.9395437410553)
(17.07352476935867, 91.58591026163651)
(17.096060370562608, 90.354412714114)
(17.096060370562608, 90.354412714114)
(17.086454586908804, 89.95271183081383)
(17.06589368004149, 89.68393548227228)
(17.025249651114855, 89.5168825433493)
(16.956471932205453, 89.41924021246997)
(16.852155547871554, 89.3579767758837)
(16.852155547871554, 89.3579767758837)
(16.749503547398398, 89.29257930461522)
(16.659100356062726, 89.1730445821656)
(16.57356936752552, 88.97881340816457)
(16.48628192025591, 88.68851350403611)
(16.39176855033373, 88.27953323666945)
(16.39176855033373, 88.27953323666945)
(16.307309292378786, 87.8771064963261)
(16.22608559510515, 87.55227065484677)
(16.141807468113736, 87.29249509386352)
(16.048887720086512, 87.08449827239573)
(15.942270289468784, 86.91441421119332)
(15.942270289468784, 86.91441421119332)
(15.85172698299509, 86.79745697282101)
(15.765306177575374, 86.66082542980205)
(15.688609113445569, 86.51647856520682)
(15.626968242155325, 86.37668567922795)
(15.585480686650886, 86.25398007586234)
(15.585480686650886, 86.25398007586234)
(15.35377724066198, 85.87054852854907)
(14.930347158344505, 85.637114426306)
(14.349077512960825, 85.552765673678)
(13.64229559914033, 85.61808666365553)
(12.840721053275205, 85.83597227273675)
(12.840721053275205, 85.83597227273675)
(12.574389598384222, 85.91915540264823)
(12.306270703281962, 85.98964264978228)
(12.056193564474837, 86.04273845606079)
(11.843758772882861, 86.07432417876868)
(11.688365756822295, 86.08073111045945)
(11.688365756822295, 86.08073111045945)
(11.538857636291164, 86.08892811900608)
(11.355044042186199, 86.12116079364903)
(11.1512731314279, 86.17367042135135)
(10.941769234033028, 86.2429988216795)
(10.74064072261117, 86.3260105554697)
(10.74064072261117, 86.3260105554697)
(10.128920947722973, 86.66870122550768)
(9.207010265639306, 87.26016653741438)
(8.085188813458238, 88.01098300449054)
(6.872646275422731, 88.83836332320517)
(5.677303825155225, 89.66903114729894)
(5.677303825155225, 89.66903114729894)
(5.165575295467511, 90.02408290340877)
(4.608477830037652, 90.39282745116584)
(4.050050142979307, 90.74651951446195)
(3.534138035198681, 91.0582820588682)
(3.1043796291884505, 91.30295573877086)
(3.1043796291884505, 91.30295573877086)
(2.740357547225311, 91.5006663984334)
(2.3959940086803027, 91.69176616505489)
(2.0950557984969906, 91.86306819881943)
(1.8612548220067704, 92.00186560283902)
(1.7182954847155054, 92.09565586917657)
(1.7182954847155054, 92.09565586917657)
(1.5803647869522268, 92.18989353585955)
(1.3600153433170048, 92.32939931692715)
(1.0785484546015462, 92.50060974883603)
(0.757259898946726, 92.69013592469099)
(0.41741173953037136, 92.88497734874004)
(0.41741173953037136, 92.88497734874004)
(-0.014760964189793207, 93.13221984531066)
(-0.33395153400868516, 93.3275275064082)
(-0.5650009404530579, 93.49031398783008)
(-0.732587314045227, 93.63894790857218)
(-0.8612701694931012, 93.79112322065068)
(-0.8612701694931012, 93.79112322065068)
(-0.9751653096830779, 93.93368415772085)
(-1.0780850215007856, 94.03400135157518)
(-1.1829294618459987, 94.09872104425949)
(-1.3025214930305562, 94.13432142667038)
(-1.4495628704566452, 94.14705399111425)
(-1.4495628704566452, 94.14705399111425)
(-1.5963748467707104, 94.17843164086081)
(-1.77095810042779, 94.24240826443022)
(-1.968675012948166, 94.3377768337955)
(-2.1849089270062643, 94.46338164236536)
(-2.415057032186411, 94.61812822868404)
(-2.415057032186411, 94.61812822868404)
(-2.637894621873324, 94.75952419379152)
(-2.885274263123015, 94.89919301959056)
(-3.1376040397189255, 95.02686825121056)
(-3.37532474522738, 95.13264529974668)
(-3.578931717427316, 95.20698412723614)
(-3.578931717427316, 95.20698412723614)
(-3.9732045811358803, 95.36052568766775)
(-4.484964510198074, 95.62282351285381)
(-5.035078390038998, 95.94428048993143)
(-5.544635659130575, 96.27823356354358)
(-5.93472891343089, 96.5807337030397)
(-5.93472891343089, 96.5807337030397)
(-6.0715090019636975, 96.70648011474343)
(-6.143956788046669, 96.85956450758194)
(-6.157298938324152, 97.16270270331698)
(-6.112701050875568, 97.73486774154628)
(-6.001676701244289, 98.68658095241852)
(-6.001676701244289, 98.68658095241852)
(-5.925032482825668, 99.2912555042002)
(-5.87100905044394, 99.76776230089789)
(-5.841936829379252, 100.14328133848178)
(-5.838472183243938, 100.44352067193546)
(-5.860094463343709, 100.69315981809896)
(-5.860094463343709, 100.69315981809896)
(-5.963040208387846, 101.15373481721907)
(-6.175796244197966, 101.57483527378548)
(-6.62143971281779, 102.09843065743271)
(-7.423241115665311, 102.8608379798742)
(-8.706677053642906, 103.98811500731199)
(-8.706677053642906, 103.98811500731199)
(-9.432602134665462, 104.60654522075214)
(-10.073804853997272, 105.14761833137769)
(-10.58965975550928, 105.58003086452123)
(-10.939302655926754, 105.87305068611185)
(-11.081893287676593, 105.99571691680399)
(-11.081893287676593, 105.99571691680399)
(-11.110639873718336, 106.03204621017335)
(-11.131573077532833, 106.08530346979492)
(-11.144536548147503, 106.15082716871356)
(-11.149366045876537, 106.22394712365161)
(-11.14590424909888, 106.29999501215028)
(-11.14590424909888, 106.29999501215028)
(-11.144501827148051, 106.40526079173587)
(-11.154207745180127, 106.55893182355226)
(-11.172970931417161, 106.74572273588947)
(-11.198856806571577, 106.95043009097085)
(-11.230089237469134, 107.15796391065986)
(-11.230089237469134, 107.15796391065986)
(-11.262607971016845, 107.40968642920386)
(-11.279922323429984, 107.72727570806505)
(-11.28157654337833, 108.08214076330249)
(-11.267626272620749, 108.44604371864382)
(-11.238845763144727, 108.79123608132093)
(-11.238845763144727, 108.79123608132093)
(-11.206295696397774, 109.15954331439546)
(-11.185324880058609, 109.55992037903414)
(-11.1764522125756, 109.96690759373655)
(-11.18099485793767, 110.35556799546022)
(-11.2009881366992, 110.70142003392095)
(-11.2009881366992, 110.70142003392095)
(-11.226534103507104, 111.0421550795787)
(-11.25221780916645, 111.44107506190412)
(-11.274475240615422, 111.86379120827323)
(-11.290579985202953, 112.27645707939867)
(-11.29872398234047, 112.64580261994281)
(-11.29872398234047, 112.64580261994281)
(-11.340192558180677, 113.43328394485508)
(-11.425266778310615, 114.24674423721248)
(-11.556947482453507, 115.1033540573118)
(-11.737500149301294, 116.01972679428259)
(-11.9684374521859, 117.0119235669342)
(-11.9684374521859, 117.0119235669342)
(-12.079924763184023, 117.47501902782913)
(-12.183932544840346, 117.95932458421018)
(-12.272700596992838, 118.42809498793535)
(-12.339308601621296, 118.84506333976167)
(-12.377617000407128, 119.17437360804946)
(-12.377617000407128, 119.17437360804946)
(-12.429762406333039, 119.60129714062546)
(-12.510214862068295, 119.9853662964424)
(-12.622291939210893, 120.33448356770096)
(-12.768985161516557, 120.65631576659712)
(-12.953027806549546, 120.95832099981935)
(-12.953027806549546, 120.95832099981935)
(-12.994343506920536, 121.04114016597308)
(-13.036486172585295, 121.1674662596162)
(-13.076027987222963, 121.32467753817167)
(-13.109540877322848, 121.50016059423025)
(-13.133652426821639, 121.68133504412063)
(-13.133652426821639, 121.68133504412063)
(-13.169009539112626, 121.90528824468373)
(-13.233321044925843, 122.19981307938058)
(-13.319063986657211, 122.53850678742609)
(-13.419045915439781, 122.895134536658)
(-13.52644829327941, 123.2436632510323)
(-13.52644829327941, 123.2436632510323)
(-13.646397296599211, 123.62361496710369)
(-13.773041228238949, 124.04950986759546)
(-13.897329204530331, 124.48845891012522)
(-14.010752126246542, 124.907876229573)
(-14.10537795149046, 125.27547507323634)
(-14.10537795149046, 125.27547507323634)
(-14.394574729723537, 126.1622153261416)
(-14.866722909634516, 127.1998455236223)
(-15.500160014482375, 128.33897017500047)
(-16.274826339720484, 129.53039551462098)
(-17.171516323095855, 130.725228140435)
(-17.171516323095855, 130.725228140435)
(-17.549811473862164, 131.20830757187787)
(-17.920555792958467, 131.68935726665546)
(-18.257070333694582, 132.13450298261722)
(-18.532212250525706, 132.51015087612495)
(-18.718548680895783, 132.78288089515877)
(-18.718548680895783, 132.78288089515877)
(-18.881773087283634, 133.02174221161226)
(-19.093226904713966, 133.30215671416798)
(-19.33381561236361, 133.6003610831291)
(-19.58422704950749, 133.8927088771517)
(-19.824845211158276, 134.15569316585731)
(-19.824845211158276, 134.15569316585731)
(-20.103462537683075, 134.43827598046354)
(-20.439906497997747, 134.78388270816504)
(-20.806846645942077, 135.16209484663239)
(-21.176348265563032, 135.5427576654726)
(-21.519761818054555, 135.8960116871574)
(-21.519761818054555, 135.8960116871574)
(-21.885194976343836, 136.25612427401086)
(-22.261586156966157, 136.5998224353666)
(-22.631751690771516, 136.91312206329872)
(-22.978005761359526, 137.18220767209272)
(-23.28221389712006, 137.39342024790315)
(-23.28221389712006, 137.39342024790315)
(-23.564240096012703, 137.5783914783115)
(-23.889554117267142, 137.79443111031327)
(-24.23146456460975, 138.02337300993372)
(-24.562720072467943, 138.2473120495081)
(-24.855476414241746, 138.44860960352278)
(-24.855476414241746, 138.44860960352278)
(-25.608035511138873, 138.90225502777483)
(-27.266740012336335, 139.80157738367913)
(-29.96983330200894, 141.143706498996)
(-33.91213586255086, 142.8911785081269)
(-39.362963445773374, 144.953300815308)
(-39.362963445773374, 144.953300815308)
(-42.41100002171209, 145.94443534817904)
(-45.56346274962449, 146.85953446955136)
(-48.816971472652654, 147.69316461275912)
(-52.16525482332992, 148.4397948354878)
(-55.59874645143364, 149.09393867208294)
(-55.59874645143364, 149.09393867208294)
(-55.66117743347282, 149.05852046748126)
(-55.723396989212695, 149.02303731714696)
(-55.78540550057966, 148.98748940832064)
(-55.8472033506998, 148.95187692767334)
(-55.908790923874, 148.91620006130532)
(-55.908790923874, 148.91620006130532)
(-56.0643650644105, 148.64616842611485)
(-56.216917725371516, 147.8870036175135)
(-56.334586854266156, 146.4501863786505)
(-56.324476999353124, 144.13586727186564)
(-56.024640228515295, 140.72657617644407)
(-56.024640228515295, 140.72657617644407)
(-54.91862294269407, 134.54969322952698)
(-53.832087609298384, 130.27551332906324)
(-53.03622434864262, 127.62196605979204)
(-52.553853816797265, 126.24701132878955)
(-52.30521943604547, 125.76984647443756)
(-52.30521943604547, 125.76984647443756)
(-52.1197732920038, 125.62972094157944)
(-51.910275674197614, 125.53263696067278)
(-51.707466513708454, 125.48445147483618)
(-51.5419384142166, 125.49130501617907)
(-51.44437691379104, 125.55962697387534)
(-51.44437691379104, 125.55962697387534)
(-51.77082238264087, 126.83107421505254)
(-52.62513855569039, 130.0647298571864)
(-53.66894790503906, 134.61466926602304)
(-54.53269607956957, 139.85592809452288)
(-54.864380630152894, 145.20644678537732)
(-54.864380630152894, 145.20644678537732)
(-54.79940898333469, 146.5595492946695)
(-54.65046739682312, 147.45074522019473)
(-54.41803507692357, 147.96607379701786)
(-54.08434311865578, 148.18791579447262)
(-53.620422493689055, 148.1961904062653)
(-53.620422493689055, 148.1961904062653)
(-53.37880064317198, 148.15239122925638)
(-53.016177014366434, 148.0664568517019)
(-52.57045341939636, 147.94730257084794)
(-52.07928774124217, 147.80415440847202)
(-51.579748127948776, 147.6467163550824)
(-51.579748127948776, 147.6467163550824)
(-50.88303276635381, 147.43051908334144)
(-50.09923600078082, 147.20895112148492)
(-49.16465787271312, 146.96389573590258)
(-48.018050659928456, 146.67483603418685)
(-46.601640133533, 146.31797556826538)
(-46.601640133533, 146.31797556826538)
(-45.30963635548683, 145.97593751191405)
(-44.31020200013649, 145.6876834164125)
(-43.58048593244482, 145.45570418039844)
(-43.09954390936091, 145.28008793184333)
(-42.84816533191578, 145.15898545085994)
(-42.84816533191578, 145.15898545085994)
(-42.6679506129161, 145.05652557359915)
(-42.43417977094955, 144.95879206348147)
(-42.12193864809543, 144.85863288962526)
(-41.70654624747335, 144.74847101793983)
(-41.163668928907455, 144.62009856860186)
(-41.163668928907455, 144.62009856860186)
(-40.64678691457825, 144.48915249334752)
(-40.07872445569175, 144.32297179363806)
(-39.4848638814785, 144.12964828561257)
(-38.890016090159236, 143.91772089808865)
(-38.31830012933595, 143.69618116984057)
(-38.31830012933595, 143.69618116984057)
(-37.80493640037694, 143.48674821977917)
(-37.274616867483005, 143.2719057648226)
(-36.76870645346239, 143.06845161458642)
(-36.327505777610085, 142.89382675623466)
(-35.990520589529034, 142.7659723527301)
(-35.990520589529034, 142.7659723527301)
(-35.44149601823262, 142.5544503629467)
(-34.43090285050287, 142.15708224499468)
(-33.079124447436854, 141.60550635538777)
(-31.505024695661497, 140.9327258844593)
(-29.821959156553888, 140.17565151334728)
(-29.821959156553888, 140.17565151334728)
(-28.795737450601532, 139.6951500601611)
(-27.78318476937907, 139.20616218118676)
(-26.7840699792802, 138.70890296054634)
(-25.79814898672233, 138.20357918210746)
(-24.825166745921777, 137.69038934947287)
(-24.825166745921777, 137.69038934947287)
(-24.58926305358932, 137.4932178263088)
(-24.354377154338582, 137.295660338508)
(-24.120495611286408, 137.0977188670841)
(-23.887605158447343, 136.8993953359564)
(-23.655692698449055, 136.7006916128221)
(-23.655692698449055, 136.7006916128221)
(-22.86182393711772, 135.99982040083313)
(-22.21610947936894, 135.38524590166702)
(-21.70823085758302, 134.8546574667188)
(-21.329142641715467, 134.40519644042595)
(-21.07083385387772, 134.03353669849557)
(-21.07083385387772, 134.03353669849557)
(-20.958172892207696, 133.8648141360759)
(-20.79366917827501, 133.66022039024472)
(-20.594095656409078, 133.43676203330662)
(-20.376069037144077, 133.21149923400742)
(-20.155979080780366, 133.00157853416613)
(-20.155979080780366, 133.00157853416613)
(-19.518344554381123, 132.3381132812615)
(-18.670414973183924, 131.34875428321556)
(-17.786839071753466, 130.24055819982033)
(-17.03386404568332, 129.22499668733056)
(-16.572060758135184, 128.51771532254017)
(-16.572060758135184, 128.51771532254017)
(-16.44080404748919, 128.25252731364577)
(-16.259970554299205, 127.84098633874609)
(-16.045540844409075, 127.32347795342605)
(-15.813587117307458, 126.740537718273)
(-15.580540168940578, 126.13301806417529)
(-15.580540168940578, 126.13301806417529)
(-15.34394878142527, 125.50868531670416)
(-15.102417552087225, 124.87806618475997)
(-14.874836314552855, 124.2868587965148)
(-14.680689713693377, 123.78126656713793)
(-14.539885979422714, 123.40787430117453)
(-14.539885979422714, 123.40787430117453)
(-14.239065081740634, 122.60865914962932)
(-13.994332379338433, 121.84003141126315)
(-13.779385038534805, 121.00621098059237)
(-13.56436172614711, 120.00924103626951)
(-13.314180047870536, 118.74803163881657)
(-13.314180047870536, 118.74803163881657)
(-13.00410033199251, 117.14349483515558)
(-12.76533299549073, 115.82189231851028)
(-12.602278015283982, 114.73274768447163)
(-12.513798263742181, 113.82253961981128)
(-12.494753780378831, 113.03529842299375)
(-12.494753780378831, 113.03529842299375)
(-12.493647857566405, 112.67590236749403)
(-12.479799219524308, 112.2870388934287)
(-12.455372343755071, 111.89900598251346)
(-12.423290626553175, 111.54257313230137)
(-12.387092972407784, 111.24890645278265)
(-12.387092972407784, 111.24890645278265)
(-12.344403487727387, 110.9032217701845)
(-12.329801022282366, 110.5446867203148)
(-12.34237688457101, 110.14018891165031)
(-12.380011117980963, 109.65577265446382)
(-12.438860309140232, 109.05628056623901)
(-12.438860309140232, 109.05628056623901)
(-12.532957193850542, 108.12731603206852)
(-12.663492176347011, 107.63604421232034)
(-12.943829310207033, 107.5688914938525)
(-13.479344647100055, 107.90412665308952)
(-14.373533825750648, 108.61252714501173)
(-14.373533825750648, 108.61252714501173)
(-15.127741066658281, 109.19203184058624)
(-16.42441073442268, 110.1390579369014)
(-18.14042562036813, 111.33495202217495)
(-20.151579829786275, 112.66420262211882)
(-22.33011335489641, 114.02041407659242)
(-22.33011335489641, 114.02041407659242)
(-26.03584745419278, 116.15651182898895)
(-29.431613363804704, 117.94313392167524)
(-32.59676950680149, 119.46997320128521)
(-35.61695254123525, 120.80909103674819)
(-38.58301491379668, 122.01648626712954)
(-38.58301491379668, 122.01648626712954)
(-40.74923300561892, 122.82890804176272)
(-42.049480419535456, 123.2661113508208)
(-42.788628702801994, 123.45339317561505)
(-43.27796901197112, 123.48506843615584)
(-43.82952951537206, 123.44039607298194)
(-43.82952951537206, 123.44039607298194)
(-44.90149827781668, 123.30370272736467)
(-45.98031954666234, 123.10354907237624)
(-46.98558756103806, 122.8559142484821)
(-47.84333566895079, 122.58409679237329)
(-48.48566326732808, 122.31721679866311)
(-48.48566326732808, 122.31721679866311)
(-48.780467730231635, 122.18440025262741)
(-49.096608578439984, 122.04984600856513)
(-49.41020858434641, 121.92251427189586)
(-49.69825108635192, 121.81220069259275)
(-49.93844440815376, 121.72942067440019)
(-49.93844440815376, 121.72942067440019)
(-50.16460683174934, 121.64959146163754)
(-50.34096672517832, 121.56464050780107)
(-50.467962885962336, 121.47516221510969)
(-50.54599192611916, 121.38162194170395)
(-50.575404770487985, 121.28435640491355)
(-50.575404770487985, 121.28435640491355)
(-50.43631937327447, 120.57553764638953)
(-50.07227474234083, 119.29546242158273)
(-49.56596460410996, 117.73550371472199)
(-49.01338767898315, 116.19500565035231)
(-48.52387977546803, 114.98364281920722)
(-48.52387977546803, 114.98364281920722)
(-48.22085366115407, 114.27588320609077)
(-47.97340943621412, 113.65275507839758)
(-47.74673600675785, 113.013840151259)
(-47.504177344597025, 112.25702202570552)
(-47.206392581410746, 111.27789017674831)
(-47.206392581410746, 111.27789017674831)
(-46.50387674591751, 109.14121395733382)
(-45.61593310851819, 106.71861826789555)
(-44.654476352427885, 104.29028079143482)
(-43.74695201066119, 102.15458723498462)
(-43.03201447966512, 100.62700679971677)
(-43.03201447966512, 100.62700679971677)
(-42.79765228716181, 100.14350496376672)
(-42.502403934703814, 99.49306371161775)
(-42.1501777700987, 98.68577793922249)
(-41.74453211264555, 97.73133303433539)
(-41.28877048916775, 96.63909432377075)
(-41.28877048916775, 96.63909432377075)
(-40.44129670357168, 94.65394368241387)
(-39.85260794939046, 93.41604139146077)
(-39.46282853308519, 92.8365745539509)
(-39.200512154444816, 92.81178970879458)
(-38.984877042864575, 93.22648087682485)
(-38.984877042864575, 93.22648087682485)
(-38.87134850287919, 93.46463734207651)
(-38.67776338585471, 93.82580054669677)
(-38.418444028984574, 94.2686093417565)
(-38.1089611474889, 94.7529728128951)
(-37.76728096379424, 95.24130194485004)
(-37.76728096379424, 95.24130194485004)
(-37.40605002756758, 95.71612776479137)
(-37.05152609132865, 96.1657856945836)
(-36.73055545749323, 96.56179640117404)
(-36.4724243695496, 96.87835813154828)
(-36.307762645054126, 97.09113933731437)
(-36.307762645054126, 97.09113933731437)
(-36.0410013351189, 97.3771175445536)
(-35.75617512307787, 97.52106450704045)
(-35.40586998336522, 97.52730979835492)
(-34.94109430219382, 97.39745979670022)
(-34.31182059465822, 97.13008649165268)
(-34.31182059465822, 97.13008649165268)
(-33.18171429293601, 96.65241829025582)
(-31.500801141721382, 95.95779451622822)
(-29.60161751605216, 95.14273135305105)
(-27.826148036717957, 94.34984376023591)
(-26.525246748673847, 93.7711108795077)
(-26.525246748673847, 93.7711108795077)
(-25.990721166377934, 93.5509772692327)
(-25.54289399601816, 93.38854312936174)
(-25.12422139038083, 93.2688673183128)
(-24.676389676264424, 93.17443657276141)
(-24.140091282494225, 93.08493067233235)
(-24.140091282494225, 93.08493067233235)
(-23.405663782925288, 92.9800621576279)
(-22.85426035591971, 92.91711251588922)
(-22.439329201176825, 92.90374569607164)
(-22.112419832980386, 92.94318571393426)
(-21.8237185467408, 93.03563883042476)
(-21.8237185467408, 93.03563883042476)
(-21.67864554584369, 93.07583063759066)
(-21.491374076752646, 93.10071159677777)
(-21.2782810806347, 93.1098385761909)
(-21.055975242152385, 93.10317911767932)
(-20.841297203448335, 93.08116416880377)
(-20.841297203448335, 93.08116416880377)
(-20.248258547746026, 93.09772708434613)
(-19.38719188818415, 93.23113300769931)
(-18.434320158147667, 93.41663258568931)
(-17.5806579767123, 93.61428090509962)
(-17.032700038779033, 93.80981792973915)
(-17.032700038779033, 93.80981792973915)
(-16.915325467469323, 93.89973817674898)
(-16.77126917460259, 94.04169285466035)
(-16.61256782567937, 94.22209414602199)
(-16.451649321457676, 94.42784178702881)
(-16.301509315600605, 94.64650557880756)
(-16.301509315600605, 94.64650557880756)
(-16.13354686076243, 94.8766750684039)
(-15.934835591668147, 95.13337855030106)
(-15.72071856533769, 95.39495460435832)
(-15.50767886644081, 95.64099918912038)
(-15.31334494704747, 95.85238804733206)
(-15.31334494704747, 95.85238804733206)
(-15.097194855518907, 96.10113087536006)
(-14.853238043282454, 96.43679554697651)
(-14.589597941026895, 96.83871727599782)
(-14.315235122516997, 97.28716156996254)
(-14.04030070342858, 97.76366147655628)
(-14.04030070342858, 97.76366147655628)
(-13.402709006550301, 98.88593937364922)
(-12.895049274561028, 99.85414910166163)
(-12.505657647474047, 100.76369479410047)
(-12.210758702247313, 101.69803328497964)
(-11.976714423372744, 102.73126273752106)
(-11.976714423372744, 102.73126273752106)
(-11.912730596852684, 103.01504904966026)
(-11.836810113363292, 103.2878093401664)
(-11.755414939751821, 103.53048262013859)
(-11.675571493551795, 103.72447184994545)
(-11.604699590333801, 103.85151246145307)
(-11.604699590333801, 103.85151246145307)
(-11.531214126725835, 103.96330420749891)
(-11.478766153580047, 104.09490260932068)
(-11.445644732814234, 104.24801847981504)
(-11.430099248326284, 104.42430876766149)
(-11.430335748972427, 104.62537951006748)
(-11.430335748972427, 104.62537951006748)
(-11.439020804686358, 104.86158225420742)
(-11.426826655792109, 105.01200932233368)
(-11.38664190231791, 105.09260081876813)
(-11.311029251862433, 105.11899974479844)
(-11.192362930655412, 105.10661504120156)
(-11.192362930655412, 105.10661504120156)
(-11.084741429679005, 105.07407359013068)
(-10.966925797402572, 105.01542933666921)
(-10.84054237387445, 104.93193661356625)
(-10.70720159661483, 104.82484739587737)
(-10.568496387776877, 104.69541209850306)
(-10.568496387776877, 104.69541209850306)
(-10.368509578623561, 104.50956702126923)
(-10.023003670818643, 104.19804388768159)
(-9.567556800988221, 103.79042760333932)
(-9.037638060020853, 103.31654129178267)
(-8.468479481656253, 102.80689770160473)
(-8.468479481656253, 102.80689770160473)
(-7.678768146980258, 102.08752970993201)
(-7.159675068244067, 101.59426752695701)
(-6.840892436126223, 101.26194660950247)
(-6.652976325488271, 101.02196094118565)
(-6.526862340044975, 100.80384982401893)
(-6.526862340044975, 100.80384982401893)
(-6.422576068191382, 100.60073517752998)
(-6.371096808486943, 100.47467893950426)
(-6.372916907178685, 100.40606891007299)
(-6.42844427289023, 100.37507854140422)
(-6.537980609209101, 100.3616449972271)
(-6.537980609209101, 100.3616449972271)
(-6.633050757182281, 100.31866939708165)
(-6.705092726744599, 100.19370286137531)
(-6.763023256076323, 99.94330999264315)
(-6.814124875983179, 99.52264422707697)
(-6.862784200732448, 98.88438049150524)
(-6.862784200732448, 98.88438049150524)
(-6.893482644222852, 97.95760046769968)
(-6.8591440008831945, 97.25323482806616)
(-6.760296114484339, 96.7286025229711)
(-6.592656109975391, 96.33674285054047)
(-6.348826790022431, 96.02768947172636)
(-6.348826790022431, 96.02768947172636)
(-6.205541385407012, 95.90426561600651)
(-5.992103969470958, 95.74790132960148)
(-5.7292027093847455, 95.5714093041507)
(-5.437492733683712, 95.3877793582675)
(-5.137616609433111, 95.21033718152559)
(-5.137616609433111, 95.21033718152559)
(-4.820808898000602, 95.03168185230604)
(-4.48209143626881, 94.83310230046654)
(-4.147800516651732, 94.63059451594586)
(-3.8443123919479194, 94.44079481909594)
(-3.598028912635154, 94.28088698881338)
(-3.598028912635154, 94.28088698881338)
(-3.361283466842666, 94.12890360832581)
(-3.0842934593556706, 93.96003068143924)
(-2.790305423897517, 93.78775175939698)
(-2.502598490602604, 93.62601895535971)
(-2.24449846118499, 93.48928876576576)
(-2.24449846118499, 93.48928876576576)
(-1.9812130008977091, 93.33766885677207)
(-1.6896249631533908, 93.1548661610009)
(-1.392144328844082, 92.95476488981777)
(-1.1112073922967414, 92.75172371150224)
(-0.8692580111471208, 92.56053775354064)
(-0.8692580111471208, 92.56053775354064)
(-0.6200277729375382, 92.36876729788132)
(-0.31954386994654926, 92.15317152648582)
(0.00688379526805791, 91.93121505724942)
(0.3339398154864421, 91.72087513475304)
(0.6362824596683974, 91.5407209698344)
(0.6362824596683974, 91.5407209698344)
(0.9730447309474539, 91.34262518099032)
(1.3966798457303033, 91.0904150049683)
(1.8709994130501997, 90.80343379290366)
(2.359664075456771, 90.50215301006543)
(2.826160901535619, 90.20840592748576)
(2.826160901535619, 90.20840592748576)
(3.5576172819991094, 89.74460275448484)
(4.347631664222733, 89.24940951901795)
(5.209210403048821, 88.71180928979129)
(6.155540135023582, 88.1195849552875)
(7.2000192616666725, 87.45909764148185)
(7.2000192616666725, 87.45909764148185)
(7.458058041319845, 87.29379026218375)
(7.842127952142099, 87.04682942721348)
(8.31592616229849, 86.73911738327467)
(8.843032851579936, 86.39232581078339)
(9.386830262635542, 86.02944027034843)
(9.386830262635542, 86.02944027034843)
(10.368566494346581, 85.35929181360136)
(11.029626713407803, 84.9263566010379)
(11.477777592402838, 84.68266271033525)
(11.822172425550498, 84.57197189701417)
(12.173145876560087, 84.53296547553694)
(12.173145876560087, 84.53296547553694)
(12.379887074901367, 84.51327972715272)
(12.662560000326437, 84.46520590063507)
(12.99540079796396, 84.39293279163364)
(13.352286359209279, 84.30145908645501)
(13.706665163951735, 84.19684408005556)
(13.706665163951735, 84.19684408005556)
(14.080362263025792, 84.09023550791001)
(14.394565049467388, 84.01874596677918)
(14.645265757227639, 83.98425656556272)
(14.828463035323486, 83.98850614996157)
(14.94017891500817, 84.0330276010042)
(14.94017891500817, 84.0330276010042)
(15.026634160337522, 84.09409317064356)
(15.14804372772592, 84.15832688939142)
(15.293722355025618, 84.22023321367783)
(15.452785878453568, 84.27460470854788)
(15.614109537938736, 84.31660438959992)
(15.614109537938736, 84.31660438959992)
(16.00024730328729, 84.48003958690987)
(16.343072837882392, 84.77253413845041)
(16.660235735565653, 85.21432453889007)
(16.972084770591476, 85.82234670929857)
(17.302562790589022, 86.60937112783556)
(17.302562790589022, 86.60937112783556)
(17.46233109132821, 87.00957139364988)
(17.607734322730682, 87.37749982208591)
(17.7286158670879, 87.68978869543068)
(17.814063741667237, 87.92389381634912)
(17.852980894783443, 88.05744753521275)
PEN UP
(-12.880474542272498, 103.49293812845666)
PEN DOWN
(-13.00054612052261, 103.03476458171046)
(-13.203827839323418, 102.49613824722164)
(-13.500936724840834, 101.83028285720943)
(-13.896472152289984, 100.98481915248972)
(-14.386528264546834, 99.89945877590503)
(-14.386528264546834, 99.89945877590503)
(-14.657922366464852, 99.29763561089845)
(-14.893152937116588, 98.80624100044268)
(-15.117488421424397, 98.39714366770887)
(-15.353186703449063, 98.03935654858626)
(-15.620120853947672, 97.69953890935868)
(-15.620120853947672, 97.69953890935868)
(-16.071480186886568, 97.14183267964913)
(-16.363327953274386, 96.78389324338073)
(-16.563015835167224, 96.58384689130537)
(-16.730533226558187, 96.4918796400133)
(-16.922170928380226, 96.45408904298235)
(-16.922170928380226, 96.45408904298235)
(-17.050987969706835, 96.4245596254438)
(-17.199532039443273, 96.35874949297258)
(-17.355001357009623, 96.26440552267508)
(-17.50484225368927, 96.14962050373721)
(-17.636841601335792, 96.02291592723726)
(-17.636841601335792, 96.02291592723726)
(-18.225598965016513, 95.5112192870836)
(-18.92731187502413, 95.1304966542129)
(-19.79895626264014, 94.86047072840861)
(-20.89164879709518, 94.67092210840944)
(-22.249100853918048, 94.51870522991192)
(-22.249100853918048, 94.51870522991192)
(-22.92432658897041, 94.46869032468277)
(-23.58326835088037, 94.46452828745404)
(-24.255076600725392, 94.50998353750501)
(-24.967763868310794, 94.60645629828473)
(-25.748288784659888, 94.75296425461647)
(-25.748288784659888, 94.75296425461647)
(-26.337582414923098, 94.87542660506878)
(-26.809573800310734, 94.99924255582897)
(-27.286893109133235, 95.1722356277119)
(-27.890593346271444, 95.43651999403447)
(-28.740295108967548, 95.82730543640454)
(-28.740295108967548, 95.82730543640454)
(-29.328014474527222, 96.08737766190856)
(-29.886757966404517, 96.32055323980805)
(-30.378024858330303, 96.51157661452862)
(-30.76363529240252, 96.64661391524265)
(-31.00564682781192, 96.71259686532184)
(-31.00564682781192, 96.71259686532184)
(-31.269762827481518, 96.79093044722475)
(-31.703225613323703, 96.95109694084215)
(-32.275128118154576, 97.17679358232901)
(-32.95465109675455, 97.4518524378934)
(-33.71117218455127, 97.76098625282705)
(-33.71117218455127, 97.76098625282705)
(-34.15318886424188, 97.93996569264958)
(-34.59444581308385, 98.11491881407642)
(-35.03492082332834, 98.28584204574993)
(-35.47459111297047, 98.45273171031185)
(-35.91343333531782, 98.61558403707015)
(-35.91343333531782, 98.61558403707015)
(-36.019952844122976, 98.59026013505296)
(-36.12619500445342, 98.56450500952258)
(-36.23215887656435, 98.53831874297603)
(-36.33784352436584, 98.5117014188217)
(-36.44324801545555, 98.48465312135566)
(-36.44324801545555, 98.48465312135566)
(-36.781699524802185, 98.36546816082385)
(-37.07324722058284, 98.20947666143421)
(-37.344012167979585, 97.99826131892625)
(-37.618625316746694, 97.7115840053695)
(-37.91976025533084, 97.3270211051487)
(-37.91976025533084, 97.3270211051487)
(-38.059126808720826, 97.1468263670434)
(-38.209035092228945, 96.96463291254899)
(-38.358403750428536, 96.79434759412898)
(-38.496691981045025, 96.65046452604578)
(-38.613792240803534, 96.54796022645415)
(-38.613792240803534, 96.54796022645415)
(-38.72480556629905, 96.45006956246634)
(-38.85434863076411, 96.31983563207416)
(-38.99088595646866, 96.16817645586625)
(-39.12325244605456, 96.00643610050452)
(-39.24072209859867, 95.84644894132929)
(-39.24072209859867, 95.84644894132929)
(-39.3519002803516, 95.69675291882271)
(-39.46658542699045, 95.56325973931854)
(-39.57637492484746, 95.45445903621292)
(-39.67308575323714, 95.37910369261613)
(-39.74864335806221, 95.3460959954851)
(-39.74864335806221, 95.3460959954851)
(-39.78722045029913, 95.33695761524451)
(-39.825760037813744, 95.3277593825729)
(-39.86426207493348, 95.31850129992367)
(-39.90272651604103, 95.30918336975824)
(-39.941153315574354, 95.29980559454587)
(-39.941153315574354, 95.29980559454587)
(-40.14196521391498, 95.74600690768175)
(-40.34179388104622, 96.19062656941527)
(-40.54064829919316, 96.63368753453584)
(-40.73853716059767, 97.07521226428217)
(-40.93546887393647, 97.51522274105163)
(-40.93546887393647, 97.51522274105163)
(-41.266972152754555, 98.26389131929625)
(-41.595134162841674, 99.02191603544665)
(-41.89694916832672, 99.73559170161967)
(-42.150210547586866, 100.3523280423641)
(-42.33334692543811, 100.82033875663038)
(-42.33334692543811, 100.82033875663038)
(-42.48813403745189, 101.21901400028538)
(-42.666906608394065, 101.6546137325689)
(-42.85443571371145, 102.09204395555537)
(-43.03580302836751, 102.49663875699245)
(-43.19633789919964, 102.83410615820942)
(-43.19633789919964, 102.83410615820942)
(-43.572930638990044, 103.6935694362487)
(-44.08443720923389, 104.98399615348131)
(-44.6496493019858, 106.50370244005661)
(-45.19222287026705, 108.05742116210493)
(-45.643064598091094, 109.45774583640764)
(-45.643064598091094, 109.45774583640764)
(-45.79000712334996, 109.93032664202593)
(-45.92946826415684, 110.33993782508081)
(-46.06618681256904, 110.69743815760202)
(-46.20466941130158, 111.01348668529884)
(-46.349242179111144, 111.29858228448143)
(-46.349242179111144, 111.29858228448143)
(-46.485100559729034, 111.57298348103336)
(-46.61435244161467, 111.8733812118892)
(-46.73955652609537, 112.20848673080135)
(-46.86310661167586, 112.5868891795348)
(-46.98718039775767, 113.01702932741398)
(-46.98718039775767, 113.01702932741398)
(-47.147731205307174, 113.53119687582813)
(-47.401284310972265, 114.30523528635636)
(-47.7205227364924, 115.26173498746172)
(-48.07940176352743, 116.32436962948061)
(-48.453959927723545, 117.41850814990217)
(-48.453959927723545, 117.41850814990217)
(-49.03499158942019, 119.1745511860692)
(-49.35021677876548, 120.25913599414493)
(-49.4412175546809, 120.84888385026063)
(-49.33968591948904, 121.11241133386847)
(-49.07219839827725, 121.21407220442535)
(-49.07219839827725, 121.21407220442535)
(-48.951008006383184, 121.23582516128313)
(-48.781248965333845, 121.25866388633253)
(-48.57919375866075, 121.28141028052323)
(-48.361247304947284, 121.30308205832304)
(-48.143986543754316, 121.32297171758276)
(-48.143986543754316, 121.32297171758276)
(-47.891066715612226, 121.35870802243227)
(-47.572388564090375, 121.42260014585268)
(-47.21425734896766, 121.5065281000838)
(-46.843560767083986, 121.60312031386938)
(-46.48798056284605, 121.70596556792474)
(-46.48798056284605, 121.70596556792474)
(-45.41737005904212, 122.01012654610443)
(-44.54474586973772, 122.21230508490635)
(-43.84795703143134, 122.33257068392534)
(-43.29948695882448, 122.3856389711546)
(-42.86808393612394, 122.38227905690323)
(-42.86808393612394, 122.38227905690323)
(-41.83452507665349, 122.17186972469806)
(-40.1255473814693, 121.68329475182368)
(-38.155055436183886, 121.0138161968413)
(-36.335406861091485, 120.29913068322122)
(-35.07113216280247, 119.71401720462123)
(-35.07113216280247, 119.71401720462123)
(-33.173165679279975, 118.80253627727197)
(-29.84276518546713, 117.17222909257343)
(-25.962279170795696, 115.10357877014135)
(-22.371731793610536, 113.01736246739543)
(-19.859175247592205, 111.48441140411114)
(-19.859175247592205, 111.48441140411114)
(-19.15356828083958, 111.05170720322667)
(-18.512973949966483, 110.65169601465368)
(-17.97834939475205, 110.31119941932025)
(-17.590412037856392, 110.05789347096639)
(-17.389832748517676, 109.91958527128311)
(-17.389832748517676, 109.91958527128311)
(-15.806067378978412, 108.76706612456317)
(-14.619498402297388, 107.86408055583696)
(-13.786861674690455, 107.19978107691466)
(-13.267465934977128, 106.75620678663704)
(-13.022440524000649, 106.51002229104772)
(-13.022440524000649, 106.51002229104772)
(-12.925004378213638, 106.36507856172307)
(-12.857255288253194, 106.21985768755566)
(-12.814203509431328, 106.05495923473542)
(-12.790659021440923, 105.85078761234793)
(-12.781091440751847, 105.58746670015682)
(-12.781091440751847, 105.58746670015682)
(-12.773719650289625, 104.96578294080241)
(-12.775596951005955, 104.51017803559874)
(-12.792309364721808, 104.1568635436242)
(-12.826884921816344, 103.84015532242547)
(-12.880474542272498, 103.49293812845666)
PEN UP
(4.304462471445786, 97.74385236055655)
PEN DOWN
(4.268165429207958, 97.87086591463913)
(4.2112870659438, 98.05865001864953)
(4.139803375467661, 98.28789882218659)
(4.0595979762898455, 98.53940142286255)
(3.9764163758283058, 98.79409163325992)
(3.9764163758283058, 98.79409163325992)
(3.7280107931657187, 99.66399375025901)
(3.5965150589620993, 100.43703004026202)
(3.5824151514880267, 101.10439270591878)
(3.6856738363099475, 101.65700413214071)
(3.9056721528052365, 102.08555355295861)
(3.9056721528052365, 102.08555355295861)
(4.027863121701331, 102.21330744902687)
(4.204943396604033, 102.34925315406136)
(4.420685637304812, 102.4833538322936)
(4.6583597184693035, 102.60611435928291)
(4.90064407329385, 102.70873904752037)
(4.90064407329385, 102.70873904752037)
(5.262848426647905, 102.85993534844)
(5.548397378052487, 103.02678238715856)
(5.747124667928284, 103.20371552088072)
(5.8486536588593605, 103.38509421078989)
(5.842598135591981, 103.56489096072798)
(5.842598135591981, 103.56489096072798)
(5.738759571211581, 103.71426629657141)
(5.556932673633197, 103.81713188701376)
(5.295976253363036, 103.87253965584463)
(4.955545577320433, 103.87860337690863)
(4.536141937048945, 103.83246075236028)
(4.536141937048945, 103.83246075236028)
(4.196559258283069, 103.7605278770865)
(3.907598344888222, 103.66543414695849)
(3.6529509919302114, 103.53936356276881)
(3.416900728335983, 103.37368779380039)
(3.1843845961548807, 103.15899277824296)
(3.1843845961548807, 103.15899277824296)
(2.7699542912984305, 102.65560952909522)
(2.546294508441566, 102.14955211375911)
(2.497671441485034, 101.53606777049907)
(2.614480961273088, 100.70391075839476)
(2.8931741307014955, 99.5355088318966)
(2.8931741307014955, 99.5355088318966)
(3.1325097364189007, 98.63775270846662)
(3.313818112124195, 98.03347491806068)
(3.4640694072309026, 97.64272476727244)
(3.6132251909958666, 97.3826408674572)
(3.792792892993279, 97.1686989790651)
(3.792792892993279, 97.1686989790651)
(4.018149506726895, 96.99615977423241)
(4.197902395270181, 96.98512588097942)
(4.316248154951227, 97.11781995050987)
(4.357257653040847, 97.37654432293931)
(4.304462471445786, 97.74385236055655)
PEN UP
(-37.73728966234118, 151.08153978000658)
PEN DOWN
(-37.92616495566845, 151.21314832834537)
(-38.486802800861675, 151.44582114331973)
(-39.7406496076704, 151.88279363539053)
(-42.0514344555547, 152.6096744817793)
(-45.8699025148489, 153.6729441686491)
(-45.8699025148489, 153.6729441686491)
(-48.37157262966483, 154.28389060629505)
(-50.252605964734, 154.69437058258075)
(-51.58465241142212, 154.94980552678672)
(-52.46193463773574, 155.0858759401775)
(-52.99335401275516, 155.13126083771868)
(-52.99335401275516, 155.13126083771868)
(-53.70876360535617, 155.06872234137538)
(-53.9974361743729, 154.89418550553407)
(-53.897759303910654, 154.67728186917006)
(-53.45215320112536, 154.4845994949456)
(-52.69765257549793, 154.37979304357387)
(-52.69765257549793, 154.37979304357387)
(-52.30158758547089, 154.34089019689486)
(-51.72323923966857, 154.24767114039676)
(-50.961816310574385, 154.09769773891762)
(-50.01832914720395, 153.88788731330803)
(-48.895656907483485, 153.61452456957645)
(-48.895656907483485, 153.61452456957645)
(-46.497189825857674, 152.98729154152193)
(-44.19658258748237, 152.3594483997635)
(-42.14891689069899, 151.7809587320613)
(-40.492720811498344, 151.30953998520755)
(-39.357341987060146, 151.00728616524145)
(-39.357341987060146, 151.00728616524145)
(-38.7088321149439, 150.87538493224727)
(-38.18850813631151, 150.81706577950712)
(-37.82945101093761, 150.8321248292217)
(-37.666582736863425, 150.92044403494103)
(-37.73728966234118, 151.08153978000658)
PEN UP
(-31.31348622515339, 155.71618583419954)
PEN DOWN
(-31.522334727395396, 155.80212515866523)
(-32.00936067508555, 155.99015129612368)
(-32.73093540436025, 156.25838159687717)
(-33.64431158450216, 156.5846622569511)
(-34.70535906874147, 156.94707642296905)
(-34.70535906874147, 156.94707642296905)
(-38.70606637051551, 158.20497546541344)
(-41.941732744024996, 159.10267095556034)
(-44.3649878330362, 159.71831703003707)
(-45.99084780218137, 160.11655727712576)
(-46.88772445616954, 160.34881016850537)
(-46.88772445616954, 160.34881016850537)
(-47.305237750945984, 160.4672008483349)
(-47.65666891077722, 160.54147498875483)
(-47.97960331540282, 160.57755759586414)
(-48.312366231743916, 160.58108794536105)
(-48.693395263442284, 160.5574029797661)
(-48.693395263442284, 160.5574029797661)
(-49.19483160228031, 160.4911809256259)
(-49.55957097579794, 160.39338542883402)
(-49.77589520387776, 160.27073009093633)
(-49.83374684880006, 160.12972679746656)
(-49.72430295429926, 159.97655991156415)
(-49.72430295429926, 159.97655991156415)
(-49.351119186874726, 159.85363894820372)
(-48.38143005651767, 159.6273474242478)
(-46.76051392945143, 159.27019282231961)
(-44.45881432268042, 158.74633595468325)
(-41.47955510044819, 158.01066010279183)
(-41.47955510044819, 158.01066010279183)
(-37.99801512408064, 157.0480581382455)
(-35.86320807914939, 156.40853857517456)
(-34.578620111289325, 156.03091637263245)
(-33.742147640197324, 155.8266286305734)
(-32.995018728921885, 155.69472231982792)
(-32.995018728921885, 155.69472231982792)
(-32.300754448933176, 155.60089044686504)
(-31.752524601062735, 155.5551316101916)
(-31.38239664049852, 155.55852633351316)
(-31.224091213383463, 155.6120585061113)
(-31.31348622515339, 155.71618583419954)
PEN UP
(None, None)
PEN UP
END
