START
(18.86788491383767, 190.33167768859204)
PEN DOWN
(27.190911759605388, 182.16435215001803)
(33.96341799912306, 179.15612475376437)
(35.06212913257557, 176.7193875526953)
(33.945676779308066, 173.2986115688314)
(28.83646428826198, 173.41644897906394)
(15.767025473836291, 186.31404648642177)
(13.640273496800512, 168.4141520819362)
(6.49647473718991, 166.04232785151032)
(1.514085603506176, 169.5046078796995)
(-1.9535718137085336, 173.76178620196038)
(-14.802629636705264, 193.64219986576254)
(-25.453219900877663, 191.4300398198573)
(-41.129933640542795, 196.14993081319426)
(-44.92465756469009, 198.94447476149384)
(-46.290863266689044, 202.9849347534062)
(-45.216616508489516, 203.9246232962908)
(-28.62930248187729, 201.61540736463473)
(-21.87889298377751, 206.1872399104182)
(-34.184018604482084, 225.99264222487344)
(-52.886264767183306, 236.00788165854667)
(-53.64109538812861, 237.6673437888862)
(-30.99663341376719, 226.9005112595247)
(-7.5204462717303056, 217.88120676575335)
(2.7662568288667906, 206.83448352828577)
(16.872791568888932, 192.29262671071965)
(31.94834687864439, 194.31014979746828)
(18.867884913837635, 190.33167768859204)
PEN UP
(32.53858280877991, 176.42839535993258)
PEN DOWN
(32.83877919572399, 177.28058242460247)
(24.454558438752805, 182.43344010212286)
(17.882543490708876, 189.25689689109032)
(16.6645571834019, 187.6901863203148)
(27.53857480431255, 176.5536663630835)
(32.53858280877988, 176.4283953599326)
PEN UP
(12.056293627774524, 173.3377063295996)
PEN DOWN
(13.815490020442326, 187.97188612305882)
(11.632074365967341, 189.81828002223563)
(8.270762844458195, 175.0702842372399)
(6.288885640616462, 177.31380843676004)
(8.194327810199185, 186.31268671430013)
(-1.242464759457945, 186.47829735149713)
(-4.711132643594104, 189.0058355138505)
(-7.930051790274554, 193.5151875113619)
(-13.324176855326256, 193.83614559579462)
(-4.736280335321817, 179.79449763982393)
(1.8036903485116904, 171.26210097079513)
(7.094163472661991, 169.25408752084445)
(11.141336242892462, 170.5626415140269)
(12.056293627774517, 173.3377063295996)
PEN UP
(15.323226156357077, 190.4872098652633)
PEN DOWN
(15.892862183379934, 191.19854717629028)
(13.679254274268088, 193.51280735978128)
(12.248898746956137, 191.3252477004035)
(14.548615996791662, 189.4120281105611)
(15.323226156357077, 190.4872098652633)
PEN UP
(9.01791899073939, 189.86899743953524)
PEN DOWN
(9.626638222844674, 191.48384610420504)
(4.02372062511006, 196.01607389907463)
(-3.1676007580127057, 197.35214420263023)
(-3.9437258867649794, 194.30873197065296)
(-6.275619554200244, 193.38793420745367)
(-2.2270671591258417, 189.08797074793725)
(9.017918990739378, 189.8689974395352)
PEN UP
(10.229351413191555, 193.2561873418536)
PEN DOWN
(11.726456436930127, 195.59882110679436)
(0.4730809459280102, 206.26153888760007)
(-3.235697445855636, 207.41605613139598)
(-7.439490082652688, 205.7075151224634)
(-3.807260288863883, 199.93034889808837)
(2.870878943302696, 198.69519841438273)
(10.229351413191518, 193.25618734185366)
PEN UP
(-5.426673285839521, 197.7453212939705)
PEN DOWN
(-6.685640394499225, 202.45065406638494)
(-12.944079925264163, 206.52515549545774)
(-19.077526260122973, 204.40866558242493)
(-14.791743275606773, 196.404529965153)
(-7.318133761343483, 195.97558666102256)
(-5.426673285839559, 197.74532129397053)
PEN UP
(-0.659127783837103, 208.84268805086825)
PEN DOWN
(-9.747909776152603, 217.23265436887206)
(-29.807021973894404, 224.25297191677652)
(-20.34188087276744, 206.87921272837303)
(-14.432800038644855, 208.79529628179165)
(-9.521170216329665, 207.4533275215827)
(-5.207118317116159, 209.7350924350328)
(-0.6591277838370966, 208.8426880508682)
PEN UP
(-16.262185577276114, 195.99406163944644)
PEN DOWN
(-20.63569010166638, 203.78102229633203)
(-27.796457665258966, 199.0147030927281)
(-44.21607722017825, 200.62396458207473)
(-42.31266556419498, 198.65876972756678)
(-26.269596629175798, 193.93432839567498)
(-16.262185577276146, 195.9940616394464)
PEN UP
(15.990496858189394, 159.36525744775042)
PEN DOWN
(14.17586386154145, 165.47252412759678)
(16.323738677645245, 164.81118562160964)
(24.086468058210016, 152.93145910552664)
(27.26221396200169, 144.60769107754496)
(26.608150964287763, 141.36395619381284)
(23.947349017479507, 143.6910714651865)
(12.196078729528889, 162.45681196211103)
(12.046774450974835, 164.60997187733864)
(15.9904968581894, 159.36525744775042)
PEN UP
(24.88930628127012, 147.52511850777628)
PEN DOWN
(22.194060545984613, 154.20597341339578)
(19.386517402637175, 153.21993048575612)
(23.04794856113122, 147.0235924348087)
(24.889306281270123, 147.52511850777626)
PEN UP
(20.210557153974815, 157.2455767652935)
PEN DOWN
(16.1038157162998, 162.68373224689387)
(18.323756789872338, 156.31347673221853)
(20.210557153974815, 157.24557676529355)
PEN UP
PEN DOWN
PEN UP
END
