START
(18.525978122684602, 156.787848926099)
PEN DOWN
(19.33825971942136, 157.29787735936617)
(21.26293745281043, 154.3244485458956)
(21.8130567010496, 152.17691690481934)
(21.008519586494028, 152.18132102797625)
(19.465109297396484, 154.34094147452254)
(18.525978122684602, 156.787848926099)
PEN UP
(21.057414946005792, 153.69455920301806)
PEN DOWN
(20.208047308273464, 155.57534344446884)
(19.282289934792942, 156.3392437065091)
(19.3733669180316, 155.40519070260848)
(20.105740830198314, 153.96238533237224)
(20.892385973235555, 153.15390628737586)
(21.057414946005792, 153.69455920301806)
PEN UP
(20.548031111444814, 140.01303729940074)
PEN DOWN
(19.990843828197395, 143.11152932656958)
(20.399886966664493, 142.68214050678512)
(25.745314222739736, 131.81066926566865)
(25.57743393322746, 131.49678542791352)
(20.991972709356848, 140.74808221659652)
(21.466644479563172, 137.6211022238056)
(19.223441758924025, 141.87980751596217)
(18.889269067610023, 143.0854023609144)
(20.548031111444825, 140.0130372994007)
PEN UP
(18.25469759184971, 152.1011763101092)
PEN DOWN
(17.27983870925792, 154.17586414299774)
(17.678170593489167, 154.01705242358543)
(19.582665018468948, 150.0718432709027)
(21.935656852963074, 144.09801056413357)
(23.90149643309777, 137.34656227231895)
(24.17671481005529, 135.77089623652031)
(23.205461025391358, 137.74396847957516)
(20.810396522099023, 146.03941638768524)
(18.25469759184969, 152.10117631010922)
PEN UP
(23.344423966423832, 135.23242139178507)
PEN DOWN
(24.229830913325006, 133.43084785701612)
(23.702337757029486, 132.61576324273514)
(21.441777245247888, 133.50601840090172)
(16.76771128925623, 138.86136864948244)
(13.22144501194331, 141.46530672235826)
(11.881941343964797, 144.07678615186398)
(11.107200308773967, 146.80882372215683)
(8.104181648088419, 150.42153528288014)
(6.360228473750125, 153.05416049115092)
(4.193829689743492, 159.87721013685882)
(2.236369119089217, 162.47656695050043)
(2.043761549124463, 163.35451784270563)
(4.756194111530117, 159.6417552365512)
(6.816748231704311, 152.9821623958109)
(11.55122823949847, 147.01317303581834)
(12.950109329513506, 142.56905906944905)
(16.277436318384893, 140.2915738573237)
(20.754617913169735, 135.1840275877169)
(23.34442396642385, 135.23242139178504)
PEN UP
(16.321270858949514, 159.22641268730067)
PEN DOWN
(16.447163971354357, 159.61063701142012)
(17.45579745701057, 157.47564232135966)
(18.211190455717926, 154.32575380196215)
(17.57480658153249, 155.14085498177954)
(16.321270858949514, 159.22641268730067)
PEN UP
(12.314600719525894, 161.04242454707972)
PEN DOWN
(12.527454619452328, 162.25788270218607)
(13.436061280762104, 161.8901200193264)
(14.643360977767077, 160.43287026227128)
(15.779915920370835, 158.3635466116307)
(16.486071555969733, 156.17250271051236)
(15.628101385957732, 155.3666240185635)
(14.038840840161978, 157.18753970652907)
(12.908413805293426, 156.968520491891)
(11.646889220844164, 158.30746892423667)
(13.345115895334972, 154.9832633348592)
(15.102697609596628, 152.5319154021525)
(17.18525207689284, 142.33847503165197)
(16.471678348967426, 143.71583499834088)
(14.541444631492684, 152.58367423928445)
(12.679292122943782, 155.3668943086028)
(11.096567565741218, 158.57571132218112)
(10.708400238133368, 161.63130265777437)
(9.935125930168734, 164.08471845418978)
(7.126040547423362, 166.06160066070174)
(4.240892519983427, 166.16012668636165)
(0.6179653393732122, 170.79234216697705)
(4.204282474400128, 166.97985750564507)
(6.500668053158465, 167.19109442345348)
(9.827203125538919, 164.88810649313197)
(10.059758620467086, 166.47862037321778)
(12.365870684725174, 165.76844617250777)
(13.558567563724392, 164.547765041993)
(14.256901730111514, 163.23545440194056)
(12.28904342967603, 165.11528960394776)
(10.622445847000382, 165.2323565755209)
(10.497210497516237, 164.05306087748343)
(11.324956210585517, 160.72772844986605)
(12.314600719525874, 161.04242454707975)
PEN UP
(15.749273188992625, 157.1871062224879)
PEN DOWN
(15.222920242401225, 158.69077372571317)
(13.572079583094116, 161.01596853734776)
(12.535232741189883, 159.06297685357487)
(11.185529074700195, 160.2039450611014)
(11.28432635721137, 159.45626161091843)
(12.400877687133908, 158.18855125844107)
(13.737721725981116, 158.35780079813094)
(15.25409479396241, 156.4659062734228)
(15.749273188992625, 157.1871062224879)
PEN UP
(14.919580691757432, 162.084105664942)
PEN DOWN
(15.55882120537194, 161.54616197428743)
(15.34117626443998, 161.2082437753872)
(14.919580691757407, 162.08410566494203)
PEN UP
(16.877306424808904, 146.55866726185732)
PEN DOWN
(17.243226264161443, 146.50645390997335)
(17.580497095671458, 145.46953413282455)
(16.877306424808925, 146.5586672618573)
PEN UP
PEN DOWN
PEN UP
END
