START
(26.09655416633294, 143.17467252562653)
PEN DOWN
(25.851108929931943, 144.0649000068237)
(25.543241132129335, 144.94939948004404)
(25.391276186234887, 145.30934188791196)
(25.28285396526856, 145.52541629488053)
(24.709168572209045, 146.48142375972952)
(24.232650500416607, 147.19696656632934)
(19.755575119161378, 153.45918434591596)
(19.152001982542394, 154.30093302896148)
(18.945609572790673, 155.085251929783)
(18.655855226668596, 156.08614201861678)
(18.19331694919917, 157.3836634985024)
(17.881520751628738, 158.19828412503432)
(17.631222241096065, 158.78132942353264)
(17.19408285042313, 159.70085608745228)
(16.565744923433662, 160.87210094778143)
(16.282034802123302, 161.32740616675198)
(14.51882088050417, 163.57705227376636)
(14.231389178362138, 163.8975636761148)
(13.632814544069035, 164.66434630636908)
(6.512282213058799, 173.06546918369295)
(4.936176659235323, 174.83488032478738)
(4.738129345025049, 175.00459406127965)
(4.51603078602268, 175.22973119309006)
(2.932522921076225, 176.97926581773464)
(2.684934516687092, 177.21959323486357)
(2.485287288542415, 177.38124332087264)
(1.8218491104560302, 177.71197172312606)
(1.6716528036392786, 177.7550418525231)
(1.2781015856750302, 177.7916556924468)
(1.0571873710371678, 177.7532505215969)
(0.857503851484566, 177.64500015624486)
(0.6459359670723567, 177.42580734369596)
(0.43957585870632093, 177.09327822764322)
(0.3112875659557875, 176.81349909144026)
(0.23354265918139133, 176.5137803721481)
(0.1658729839522635, 176.06882327700885)
(0.14794968588072446, 175.67480735109936)
(0.2355097064541325, 174.46478633931457)
(0.35302906443610643, 173.65440657420663)
(0.7173825809694094, 172.21236565224683)
(1.1499631841570344, 170.94569319178623)
(1.4717153436399368, 170.18711245209374)
(1.5547451374855146, 170.01352224654627)
(1.6334500292788159, 169.88721183584886)
(1.7697489990593998, 169.5592523406971)
(2.0380190895208568, 169.01522549284186)
(2.4246328556126846, 168.29650784070384)
(2.6357793026335785, 167.9348283861931)
(3.054908299252245, 167.30531701669005)
(3.800909050729121, 166.29514675418397)
(4.497975830625475, 165.52361692706046)
(8.561193777897804, 160.9783310146202)
(13.846734174834566, 154.63040501859564)
(17.222996277372097, 150.33998146574243)
(17.60552793613725, 149.88256143942118)
(17.865534871040026, 149.63811502850206)
(18.134364250510636, 149.43455247796817)
(18.40692324446961, 149.275118204156)
(18.89595204548893, 149.11494588805627)
(19.255267395971277, 149.16680989842723)
(19.401545975488535, 149.26811450312607)
(19.57606667626899, 149.49978597993288)
(19.713591747068907, 149.90232627674715)
(19.760036182226504, 149.91504217850533)
(20.103605144333166, 149.49351723991361)
(21.43697033961404, 147.68997599046895)
(24.391074100142124, 143.53872133743363)
(25.29081919135247, 142.26465870921083)
(25.646025027602338, 141.7272441622386)
(25.875998414232132, 141.45106622226302)
(25.979369723275582, 141.35839547950005)
(26.081150869653495, 141.31612087083803)
(26.134304494053147, 141.38681017666931)
(26.23040758198516, 141.37093888554065)
(26.277127889141312, 141.45800595900786)
(26.286846240998997, 141.76004627954984)
(26.24775336648565, 142.27162317716505)
(26.09655416633294, 143.17467252562653)
PEN UP
(26.02413674994623, 142.17656752041307)
PEN DOWN
(25.97958977558101, 141.97775505407066)
(25.91332787862981, 141.86104233415887)
(25.82711741509722, 141.8286239932313)
(25.7229478872845, 141.88232205391918)
(25.603080997845975, 142.02351009390256)
(25.37274984778272, 142.45341613660247)
(25.101738338249493, 143.05052493085145)
(25.005537558403848, 143.29558851603554)
(24.853852587107305, 143.78124084404388)
(24.614703751752053, 144.6393091483089)
(24.566238841234902, 144.89423967954093)
(24.50405356700722, 145.75822003108223)
(24.582870446715052, 146.1199374506646)
(24.7422969697802, 146.0727482201903)
(24.910740657431973, 145.94715161123503)
(25.05398027352316, 145.70704719278473)
(25.42927250746694, 144.8924979176565)
(25.557048302161725, 144.5595712125243)
(25.75885381635912, 143.91659923932633)
(25.89099981003142, 143.36683164295675)
(25.949236110283707, 143.0143826497661)
(26.023276431249915, 142.36621257084389)
(26.02413674994623, 142.17656752041307)
PEN UP
(24.463734300031216, 146.47807488110945)
PEN DOWN
(24.36801552088466, 146.47156695727702)
(24.25076664022411, 146.1373515267686)
(24.24130429707903, 145.83416095626995)
(24.275110935919823, 145.44352303061152)
(24.348989724818047, 145.00829064862455)
(24.45865578137468, 144.57298699808987)
(24.687936116395747, 143.78721431080072)
(24.92096538446515, 143.1535308033683)
(24.95174053303644, 143.0330674128612)
(24.900881116124268, 143.06476596145254)
(24.104028252321175, 144.1864905361531)
(19.56395923626641, 150.5016881344094)
(19.45949717807936, 150.44328609062376)
(19.39245592987966, 149.9955329705552)
(19.345921684746557, 149.86618925440612)
(19.187350221547174, 149.59895853064018)
(19.09617857023959, 149.52562687130546)
(18.815339408919627, 149.49949943461834)
(18.409884578527514, 149.58778012783196)
(18.010671321899462, 149.79588198392705)
(17.799450895815713, 149.94761609328046)
(17.585405402462484, 150.12829205780648)
(17.0017578280186, 150.82756898995126)
(14.944896653955027, 153.4257895167479)
(14.271974524894231, 154.28131500056134)
(14.108282243066176, 154.51360630659644)
(14.335180208559967, 154.29613715889872)
(14.560054804780236, 154.14296866663614)
(14.828746911560925, 153.9817147863793)
(15.032448048616729, 153.90025664784602)
(15.384110542321126, 153.86141504820762)
(15.736719277169003, 154.02897090490973)
(15.934033437372616, 154.45767260588326)
(16.09519277576102, 155.1777339766058)
(16.10070589276104, 155.9046134941767)
(16.063669617475206, 156.48125733829914)
(15.943168104208338, 157.60005520231758)
(15.869582093638304, 157.99315777812836)
(15.594149708805576, 159.18888133832388)
(15.403898442273466, 159.8778994063746)
(15.285690807264926, 160.2316977325783)
(15.194874014318865, 160.59909810139115)
(14.952570138229866, 161.30854346181144)
(14.427172682048083, 162.677182829196)
(13.86425845776601, 163.86984937056155)
(13.498024358297002, 164.555301754689)
(13.451039725041467, 164.65581801384144)
(13.449276064170721, 164.71989100338925)
(14.454892656325756, 163.50109985247306)
(15.292240567917858, 162.43575053725343)
(15.928452213534904, 161.58103986985668)
(16.4095331516321, 160.8756652518178)
(16.78269766479598, 160.25361722845133)
(17.33481546725799, 159.16941349784446)
(17.81913745160022, 158.06224465939945)
(18.132490809418783, 157.2921965176174)
(18.2607201312454, 156.9412261994253)
(18.614117044824493, 155.86527373625572)
(19.003394762181056, 154.38531865496583)
(19.30971946640069, 153.92309323151915)
(20.068029134527137, 152.8447629843758)
(24.206902551153185, 147.0157000614517)
(24.465184643492712, 146.61850417966176)
(24.49340427151612, 146.55729135354764)
(24.463734300031216, 146.47807488110945)
PEN UP
(15.932952765397744, 156.24463928583037)
PEN DOWN
(15.945657124990605, 155.79427859096742)
(15.919548747440574, 155.25699923639087)
(15.688337674927302, 154.5514145813723)
(15.39675041888114, 154.24474732691277)
(15.17023051892028, 154.17780323562525)
(15.032015422833547, 154.181404013476)
(14.625320833842197, 154.36252435282705)
(14.38537591817864, 154.52457029584923)
(13.968961798544335, 154.89191662610733)
(13.51805371817782, 155.4027487190292)
(13.091680533943023, 155.94833604409274)
(12.879162861968824, 156.26321858884205)
(12.395959885847853, 157.05762957961323)
(12.165199037272403, 157.46953724649035)
(11.615484964744091, 158.532305367764)
(11.4263629389618, 158.92953083204196)
(11.247468900171247, 159.36049044592102)
(11.207383732944106, 159.48755712818848)
(11.032693250660476, 159.85814153200528)
(10.581343408496432, 161.06322700203742)
(10.36686565118027, 161.73884231532998)
(10.052021454362839, 162.8917354297387)
(9.924251517303443, 163.5034203758089)
(9.86995824263641, 163.86013064394905)
(9.778135064361196, 164.88724742424938)
(9.761643193068917, 165.42177135135577)
(9.86841269556903, 166.2693803056001)
(10.022520197616458, 166.62532572694715)
(10.255082554145826, 166.89594951792088)
(10.395660876912109, 167.0110519119533)
(10.66706313144737, 167.09793519381896)
(11.143958030749923, 166.9966403583438)
(11.45844946060768, 166.83691345663436)
(11.78092479145982, 166.5965423071424)
(12.124659532932428, 166.26543760719719)
(12.503275434643468, 165.8327371609413)
(12.850611412054352, 165.37472027176335)
(13.198812493385462, 164.85020885746118)
(13.53765833993239, 164.27650347369422)
(13.856938384935633, 163.67112684110754)
(14.291060820031849, 162.7376937601963)
(14.365473879748883, 162.62559450943343)
(14.676713767130085, 161.81110121224657)
(15.03286534848417, 160.7709390136167)
(15.290351898476665, 159.9286265870302)
(15.428920297569126, 159.3684784118818)
(15.614519519999357, 158.59303987616147)
(15.813273393571071, 157.581237590389)
(15.932952765397744, 156.24463928583037)
PEN UP
(12.646546285787387, 156.29930906015392)
PEN DOWN
(9.771491039269616, 159.75301544433552)
(9.400441156681625, 160.21456201047678)
(9.293519783816363, 160.38055148107352)
(8.821747811018357, 161.2070369404693)
(8.733788960090946, 161.4125091587376)
(8.49723240643666, 161.84008343084125)
(8.282646522643876, 162.2971210354579)
(8.190041445641278, 162.45754489427821)
(8.063330886201584, 162.7229612848181)
(7.606291428496185, 163.79161586909782)
(7.526245441643282, 164.05641693264386)
(7.328626622752723, 164.57722255509168)
(7.09408978006098, 165.34418564440563)
(7.007396888649674, 165.5810521921266)
(6.675891792669361, 166.86735961206418)
(6.496623893362706, 167.98614111069708)
(6.437432557846784, 169.31548320818996)
(6.461041889144645, 169.68082587397672)
(6.546562445595481, 170.08692783836904)
(6.7458291832604775, 170.5354340532577)
(6.882836956055785, 170.75055911431133)
(7.077803274908808, 170.9035084119423)
(7.314967613024645, 170.98842420143265)
(7.578101460855939, 171.00013750588838)
(7.850629770195509, 170.9341292061533)
(8.172447610580383, 170.76823553630726)
(8.490218865936543, 170.5496855871163)
(8.814020672408258, 170.2570773041896)
(9.240703437740526, 169.78631968556147)
(11.497103158496001, 167.12583627143889)
(11.573505059058222, 166.98392502894163)
(11.547288995416585, 166.97046816406714)
(11.377299841880973, 167.10048942805642)
(11.165615348634079, 167.20231903826857)
(10.706796231051882, 167.3604937636272)
(10.57589378759712, 167.3727172682691)
(10.298822682713944, 167.2885013477641)
(9.974012261235956, 167.0396672421291)
(9.799600732075914, 166.75870841896517)
(9.612594767476143, 166.0984218527023)
(9.576674208176426, 165.83265253480295)
(9.594143146081315, 164.9090023756107)
(9.716781649696498, 163.90623407118375)
(9.94268095138261, 162.82696103497722)
(10.175670075559923, 161.95091415762795)
(10.596447423840525, 160.6588851184859)
(11.035830143888166, 159.57072164381714)
(11.753687881321499, 158.042013864296)
(12.21366568711644, 157.1802328350807)
(12.712283786638757, 156.34920113819067)
(12.745079740869924, 156.2738191795421)
(12.74513728657109, 156.23587017891927)
(12.646546285787387, 156.29930906015392)
PEN UP
(8.014961027444818, 171.04708622164299)
PEN DOWN
(7.799762367176723, 171.155520779845)
(7.355048608589247, 171.2332669532226)
(7.019463050676252, 171.19617370469854)
(6.728723919431964, 171.0303800003489)
(6.623800129504542, 170.91667555049048)
(6.428805013417866, 170.54170191983744)
(6.36091484422676, 170.3282807117293)
(6.300696903547718, 169.91968245328127)
(6.232384283089378, 169.74547838341613)
(6.193636717988398, 169.7909621838585)
(6.15493100461917, 169.92987578092965)
(5.93822475982571, 170.95348583662516)
(5.801670796252712, 171.48131900616772)
(5.441647583941803, 172.64092524196943)
(5.0056925223681255, 173.71353990767952)
(4.866796917827745, 174.01699874356012)
(4.518820551794523, 174.7190416674021)
(4.203589753641425, 175.296606485237)
(4.15310020323251, 175.41224442331958)
(4.202146146046293, 175.38314012160095)
(4.675063117348336, 174.88298882585576)
(7.841228918679185, 171.37272954793087)
(8.098145149385976, 171.0661035466178)
(8.132173079494907, 170.98120431648158)
(8.115813310956813, 170.97739201390976)
(8.014961027444818, 171.04708622164299)
PEN UP
(8.914171612015446, 160.73371938351977)
PEN DOWN
(8.856014360452603, 160.78331833587254)
(8.601871667804902, 161.10611988007804)
(4.6898183289904125, 165.43455933728768)
(4.573467901651473, 165.56629928083584)
(4.503797141734945, 165.6581060860287)
(4.481218043945878, 165.7095650389682)
(4.5061744333103775, 165.72010580773576)
(4.947086143100968, 165.4975386291385)
(5.144909705600485, 165.43142815086728)
(5.478312800977126, 165.44324882271235)
(5.840058033405595, 165.59942911508455)
(5.987953274218627, 165.7856965359688)
(6.130476541860879, 166.08439079287902)
(6.252919163515721, 166.44320885495688)
(6.33857585324635, 166.81247589772858)
(6.373520094426016, 167.23104703531175)
(6.406045279689684, 167.2521488620044)
(6.434693317874808, 167.20995430997476)
(6.494897195396095, 167.05455460016316)
(6.856026763407032, 165.58400425271236)
(7.087698479196985, 164.88823458727023)
(7.175879827256912, 164.67189958199373)
(7.217029234762534, 164.51024868119137)
(7.427866719152928, 163.9490274381535)
(7.732959023431202, 163.20019140417634)
(8.165187922873406, 162.22844536263412)
(8.571977294384082, 161.406835540666)
(8.902621079092134, 160.82487389551858)
(8.930263065323638, 160.7658225844388)
(8.914171612015446, 160.73371938351977)
PEN UP
(6.161229649371526, 168.6644464442084)
PEN DOWN
(3.4795664990079564, 171.53223036625621)
(3.2304031955546355, 171.75516122865014)
(3.2450559274203217, 171.67018494364277)
(3.3277023148477327, 171.57326537012915)
(6.188347291482385, 168.39863292304545)
(6.211873179052357, 168.28836977177045)
(6.23841231614847, 167.8544838658594)
(6.199344599682788, 167.1494572931366)
(6.067147617147866, 166.55845340279365)
(5.915483914349075, 166.1143951082455)
(5.635818361612906, 165.8149712933988)
(5.464591509113152, 165.72557785601765)
(5.278249522983358, 165.69064695000236)
(5.070830874398349, 165.70958718369005)
(4.658815173153098, 165.8576506096445)
(4.337573514372184, 166.05747694532494)
(3.989847142735857, 166.37051842455668)
(3.6474066574465227, 166.7396520511416)
(3.0023712161944034, 167.57943033916658)
(2.708827830657918, 168.0375751510991)
(2.3258346122974345, 168.6720654670239)
(1.8020781994071025, 169.71044595016298)
(1.5843184987509191, 170.2068849585329)
(1.1618819538181264, 171.26203321472832)
(0.9992232523392306, 171.71363931723505)
(0.7002015189679529, 172.73778632716775)
(0.40018689464082685, 174.21165544242086)
(0.3213417931319212, 175.29254793575387)
(0.3695940857509921, 176.1335414375069)
(0.5488735508151522, 176.6935441204642)
(0.7665941729798945, 177.14859306210414)
(1.0933957180996605, 177.41886940387184)
(1.4964220842883966, 177.49262020942743)
(1.862855887819477, 177.48976358305114)
(2.3307028688299885, 177.23915352569298)
(2.730658164840963, 176.94554478365401)
(2.9349773180278738, 176.75546402471855)
(3.3961146592756366, 176.23236918586917)
(3.7206076416825677, 175.81631864358332)
(4.146630808121947, 175.15932251818668)
(4.384029474047258, 174.75741669091673)
(4.6878350449891135, 174.14387346318634)
(5.1043620149276565, 173.1776629012077)
(5.321162130248716, 172.58321997573623)
(5.3779806848847285, 172.3613352100259)
(5.537326177262877, 171.93262499124296)
(5.667019059985145, 171.52497711367045)
(5.921722196376635, 170.4392927351455)
(6.095859771338824, 169.54310013630445)
(6.158504031781673, 169.06425859765483)
(6.1755122288742665, 168.71416477567146)
(6.161229649371526, 168.6644464442084)
PEN UP
PEN DOWN
PEN UP
END
