START
(23.80179201340506, 151.01010259827274)
PEN DOWN
(22.116786480291733, 153.4943690239312)
(20.895408055255192, 155.09384471064539)
(19.13574617646289, 157.47182411422443)
(17.476208001483563, 159.61642908132598)
(16.93961510101384, 160.26592311286157)
(15.237737561319081, 162.49609474800872)
(14.120526471506029, 163.96635721294933)
(12.865448062140283, 165.5013724657657)
(12.494872894871497, 165.99719574128636)
(11.772673705763433, 166.81095277863858)
(9.227631057791946, 169.8325047801691)
(5.396002376292761, 174.26493036350737)
(5.27336007445849, 174.38410263109915)
(5.106393349816233, 174.49949395815645)
(4.659212193377074, 174.97976721728756)
(4.496212250609372, 175.10943284978055)
(4.370132651876719, 175.16157277685448)
(4.198458174921261, 175.16439019842144)
(3.769918956021871, 175.01485990355152)
(3.6590171299420526, 174.9004369799087)
(3.4470755180141364, 174.9198239116515)
(3.0325879372288655, 174.81782575134946)
(2.7952588055079532, 174.65068221663103)
(2.335321518123901, 174.4839031552957)
(2.163580580338435, 174.3301380259499)
(1.947052244190651, 174.23656895463787)
(1.755852166826177, 174.07085286513075)
(1.6426745492062178, 174.0463786600539)
(1.4742424794317963, 173.85858282346493)
(1.3645233438914266, 173.84500897829622)
(1.299207815722491, 173.74993583084608)
(1.1029639053471103, 173.6500576139836)
(1.0551831368336035, 173.56060755436178)
(0.6532607166340889, 173.29640096273945)
(0.5641721642116299, 173.19129322256993)
(0.4589883039872861, 172.91676254825936)
(0.4557613028823177, 172.70849372458062)
(0.6622547293989944, 171.11126165774738)
(0.67010880770329, 170.79665528086946)
(0.7666608270804808, 170.35713918701916)
(1.0304118410701126, 168.47123874577198)
(1.1945099798234053, 167.74044372873988)
(1.6407720696624286, 165.14738409354254)
(2.9486900032036063, 158.22491533862586)
(3.0813701090995105, 157.7341375966228)
(3.212025081484528, 157.35101394814671)
(3.834288388023415, 154.9969597935727)
(3.994981593982232, 154.793565461612)
(4.933103523691086, 153.74426167891036)
(7.166573974681406, 151.2628412938641)
(7.8504489904620725, 150.3983889081541)
(8.309870943493621, 149.85016087079606)
(8.363564143453809, 149.76230867836946)
(8.416707003176896, 149.61505058711776)
(8.708567790438918, 148.55925178201173)
(8.960059237920468, 147.78408771399734)
(9.408242294201628, 146.3107992301823)
(9.50394407827864, 146.09797314670274)
(9.617210780863639, 145.92508068412712)
(11.809945598951867, 143.31412498345048)
(13.518836629550695, 141.11214993735013)
(13.877802516456361, 140.70373255167615)
(14.775274672132857, 139.56806118101042)
(17.043094073428875, 136.52575107172356)
(18.976043864948107, 133.90761403483486)
(19.572868409207103, 133.03388362601117)
(19.92654672675996, 132.5968207787564)
(19.85073410929557, 132.90013549596162)
(19.050350340223012, 135.51697841034803)
(18.564377479564786, 137.00608756308296)
(18.552163818651252, 137.13680967038448)
(21.95599412792375, 132.31067047225326)
(22.896731063201976, 131.0445888009506)
(24.768718969960368, 128.3035659036764)
(24.70793366832862, 128.66411358297236)
(24.545802140863444, 129.3079088819981)
(23.448628179421505, 132.98457178005162)
(22.43671785349214, 136.54460348700536)
(22.433087367804717, 136.64839616149584)
(22.541888823290094, 136.5497573281338)
(22.700317831734086, 136.34292496411265)
(23.019990233426743, 135.83518043463837)
(25.902264721465116, 131.60860031422567)
(28.276302630938428, 127.94019102632899)
(28.708457864234173, 127.31214134183472)
(28.72938483377007, 127.32762763541415)
(28.577364174294814, 127.78835983658985)
(27.20206768036474, 131.0969455168551)
(26.346176576026807, 133.11454117728545)
(24.916085622770197, 136.62643570993674)
(23.169942882592455, 140.93541312214762)
(22.28496176125083, 143.0980892886693)
(21.11004884337984, 146.1665754036747)
(20.41594520268581, 147.8250858448932)
(19.739718529915134, 149.63101738936615)
(19.518796724457093, 150.33172893893305)
(19.53784262596191, 150.4231452238429)
(19.771834087113444, 150.50188413394667)
(20.758985593650234, 150.48523334702364)
(21.747594790216517, 150.74872610761017)
(22.27769414185973, 150.66668763962355)
(22.51103278813509, 150.7231432590593)
(23.086960896908522, 150.66192845904436)
(23.581224521072585, 150.6908403449172)
(23.850703308821007, 150.61288926362016)
(23.88624614294841, 150.72841228484583)
(23.85023538783678, 150.90391683787846)
(23.80179201340506, 151.01010259827274)
PEN UP
(23.36364034973779, 151.29716894343983)
PEN DOWN
(23.29297879241393, 151.29842460939898)
(23.247841404427316, 151.2045014800086)
(22.944637583167793, 151.2734312621481)
(22.814254194551236, 151.22443685860293)
(22.335993914067224, 151.3227479557167)
(21.878768344445227, 151.2679774708096)
(21.625084758387867, 151.3065384915813)
(21.53155894213956, 151.2509119860149)
(20.945794917948938, 151.24462849450114)
(20.885685360478288, 151.1717843988494)
(20.777097473886847, 151.16814493758736)
(20.774190058268406, 151.08768912954304)
(20.15113406815091, 151.0782320337545)
(19.896708216651827, 150.9876443561015)
(19.474484598071527, 150.97454063981104)
(19.19863716122883, 150.87829022627693)
(11.63320583564029, 160.5770319016219)
(11.474595105491073, 160.80211136691145)
(11.309245113524868, 160.96696306779876)
(10.923349098280303, 161.41842271536245)
(7.599777777603408, 165.32608783671512)
(7.151056130042249, 165.8210239860839)
(6.733136633162578, 166.23988110905296)
(6.306680563468528, 166.72547498431732)
(5.830950647277313, 167.19790720012182)
(5.016563247712441, 168.1087030095049)
(4.728135660637621, 168.46839902206477)
(4.119286368521577, 169.0770588723378)
(3.052149044151932, 170.20572701277115)
(2.5404121096699352, 170.7636071642065)
(2.259564264066264, 171.1374058103795)
(1.8993209765817627, 171.46362685470964)
(1.5531602401110718, 171.87671551279846)
(0.8434394791764426, 172.60597843604202)
(0.6685416742036989, 172.83169717912034)
(0.6730677333560068, 172.876222787939)
(0.8591248267900243, 172.95162485786693)
(1.3648961128161257, 173.3011800396324)
(1.3982798453785694, 173.38857751597646)
(1.5587625150557443, 173.42043253191275)
(1.8881269934578044, 173.65655522349536)
(2.0465125472908734, 173.68407507414364)
(2.216853371562456, 173.81100302929423)
(2.302975761573601, 173.97495015078135)
(2.443403937888754, 174.0650608190239)
(3.469290318584857, 174.45279953264952)
(3.938608273247039, 174.54468806092044)
(4.281473364206492, 174.74214735636912)
(4.549719659512216, 174.76335334620518)
(4.657715317873719, 174.7327316547395)
(4.770472811737856, 174.6562656726754)
(6.3020717166596265, 173.01569037638137)
(9.257581690321135, 169.54391244480541)
(11.978727403828703, 166.2869299874064)
(12.613146341338975, 165.56818451205248)
(13.59574313603084, 164.3345343388956)
(14.275942519178384, 163.53273561127793)
(15.12965199908356, 162.35889917828877)
(15.282410713214482, 162.20164671760668)
(15.528211336449145, 161.89349344072048)
(16.551675141760352, 160.5168997684918)
(17.687009589787237, 159.020305397433)
(18.11504520909728, 158.4683920572088)
(18.49986165349698, 158.01384438638996)
(20.651416049291164, 155.1624433192747)
(21.961957449209716, 153.4292557006038)
(22.782226047497584, 152.2629892699344)
(22.946631294868084, 152.08043586364)
(23.408961402977443, 151.37689129942447)
(23.4482166508125, 151.29131374796728)
(23.36364034973779, 151.29716894343983)
PEN UP
(27.21280238847827, 129.8618546246532)
PEN DOWN
(22.750249587186378, 136.5456748243812)
(22.277369879533172, 137.25470815702624)
(21.215058605488366, 141.5083505424003)
(20.85399781920815, 143.36513134002342)
(20.32672668867418, 145.8365540240464)
(19.93855853571434, 147.59922976635437)
(19.725182609062845, 149.12094243565758)
(19.718847003653174, 149.33824061972305)
(19.94508291299193, 148.76678703569846)
(20.173151350438754, 148.10842117635073)
(20.85395273218209, 146.4716444711404)
(21.10894835339538, 145.76324706088832)
(21.619526530445842, 144.50311805767583)
(21.80751914383654, 143.95356312247122)
(21.947423501012448, 143.6234623895585)
(22.067990722450357, 143.25953757387367)
(22.514028691529955, 142.23134201157097)
(22.862331444885612, 141.38200569814242)
(23.33803598192721, 140.11771989821645)
(24.359418037451775, 137.58272889414633)
(24.691831467554827, 136.803642901166)
(25.158236424663873, 135.60923548594582)
(25.49583727461114, 134.82437076270443)
(25.713775319768185, 134.24195182787048)
(25.994182074541776, 133.60986057139252)
(26.40807440498411, 132.59359421536226)
(27.320349435834252, 130.4680782530567)
(27.62988520536428, 129.6805947342156)
(28.012922278369203, 128.78205622022978)
(28.073614867601428, 128.59404159065014)
(27.97611042133521, 128.6963482956424)
(27.21280238847827, 129.8618546246532)
PEN UP
(19.564113347934295, 148.70156179095846)
PEN DOWN
(19.711034443641452, 147.62803024698437)
(19.881063940437052, 146.96421644216906)
(20.30730755540494, 144.87404836746563)
(20.51394658640808, 143.8399003187701)
(20.669526046490926, 142.9080386654274)
(20.82134069232438, 142.27597244367965)
(20.847323458631195, 142.0246319340108)
(20.9919472225925, 141.52152100013035)
(21.45114312883165, 139.6332988090272)
(21.743824173484523, 138.3752176133907)
(21.819747805387667, 138.17489191157108)
(21.84542189940826, 137.95005447933727)
(21.80273446661714, 137.94205550296383)
(21.506878038215568, 138.31358235789932)
(20.98807192025406, 139.07502232306015)
(20.575896358561188, 139.59801025305333)
(18.42628287562909, 142.52066373552702)
(16.342359189414214, 145.34108135467758)
(15.119059253830097, 151.11786126077928)
(14.914011774684965, 152.1062702856129)
(14.568985314346762, 153.61855226561696)
(14.393816756587512, 154.19125477458905)
(14.148715874784784, 154.82021314768184)
(13.760920157265575, 155.54831379555566)
(13.54263344621167, 155.90951014524867)
(13.366492088080276, 156.1638112625894)
(12.932261969310565, 156.57792904163819)
(12.476772511832584, 156.91693461745763)
(12.281407622070908, 156.9054766123403)
(12.168552956975585, 156.97215383672017)
(12.0787940434355, 157.13574999359685)
(11.8771035623511, 157.58159309309406)
(11.501061766612453, 158.2131429124937)
(10.974549883306963, 158.9935099661172)
(10.67784400643172, 159.3361197486194)
(10.53814078491477, 159.45658434973126)
(10.294654598045105, 159.57635918667216)
(10.10068457705389, 159.59126655010502)
(9.829360166032073, 159.4487986649211)
(9.710605634800485, 159.80984940194656)
(9.619497706538755, 160.18147882516064)
(9.413230546665615, 160.67139392622744)
(9.26315874130005, 160.90910985285402)
(9.071401440637507, 161.27450371016226)
(8.84247095466425, 161.61125416493917)
(8.263143749304739, 162.2647942330927)
(8.016003688407576, 162.43594429149397)
(7.923945142891303, 162.47967095095441)
(7.6723958523134135, 162.49276551773187)
(7.486588034090564, 162.37828706281442)
(7.422959127709205, 162.4740528179812)
(7.307025711385444, 162.71037405220085)
(7.044088819259032, 163.32342686031382)
(6.462614707615662, 164.3550146690365)
(6.377331164661454, 164.48163406259644)
(5.98975619082501, 164.93738503766662)
(5.815759007895536, 165.09935976082244)
(5.333327419406762, 165.28933862371827)
(5.064655355930868, 165.27455304782035)
(5.020454240741872, 165.11302586169606)
(5.022876895234025, 164.7811355710066)
(5.191312189887529, 163.457389871135)
(6.015800373705591, 158.92236277978694)
(6.110401862664337, 158.3422846749848)
(6.099060694437914, 158.23574586935626)
(5.826790957354381, 158.87019506016526)
(4.891058588267944, 161.22098380084662)
(4.05636347836684, 163.4194688352203)
(3.936619682668913, 163.70019078656736)
(3.6171576550434135, 164.60406594723224)
(1.829841826697974, 169.41440027354017)
(1.5518397124745018, 170.26568374313007)
(0.9707299733107715, 172.21476981169735)
(1.4512443415729097, 171.78389358962852)
(1.939714429167079, 171.19131307584104)
(3.809973885575497, 169.1409712384036)
(6.649243081916422, 166.07661107789346)
(7.83071233560096, 164.79213727766688)
(8.016331986763934, 164.61195388798967)
(8.142717315469252, 164.42977155678773)
(8.618285402800035, 163.91159728823484)
(13.787932475703654, 157.67604222262696)
(14.369678619686987, 156.97006499943055)
(14.433509532186822, 156.8601172392702)
(14.602354235220933, 156.63673312006435)
(15.512096875992105, 155.50499175206807)
(17.558686274143327, 152.8350543474607)
(19.049271447103795, 150.80406934925114)
(19.22799784778008, 150.53789505084072)
(19.30467626591537, 150.3724578278702)
(19.32993242662468, 150.27702029197928)
(19.4239608699849, 149.69619157953838)
(19.507354404877265, 149.36235077592977)
(19.564113347934295, 148.70156179095846)
PEN UP
(23.19744706203679, 133.16563379583246)
PEN DOWN
(23.831886523263556, 130.98000941089123)
(23.96306775743509, 130.3743356608892)
(24.217493780491722, 129.66936556928124)
(24.321269901349705, 129.20479698322737)
(23.02007750836787, 131.13428854103665)
(21.870055834616664, 132.72748444326845)
(20.792346006437217, 134.3052439775946)
(18.469478325431407, 137.52632549763393)
(18.45690219282784, 137.85897188750073)
(18.90016472513107, 139.26136363213567)
(18.93586880418081, 139.6208586272584)
(19.029203023453892, 139.85999444721125)
(19.02422513950392, 140.02010124573218)
(19.316223397674776, 140.96340799257456)
(19.62770375836379, 140.5884470251124)
(21.02535698085383, 138.710497849948)
(21.681912198424307, 137.78284134408534)
(22.007650986186352, 137.28582018226746)
(22.115025354109342, 136.99670897193835)
(22.384999314995813, 136.13414807576171)
(23.19744706203679, 133.16563379583246)
PEN UP
(18.829059964548584, 141.33118030173222)
PEN DOWN
(18.764372615266993, 141.15899794600034)
(18.67702435191718, 140.51095974712504)
(18.519643627678594, 140.04774065100372)
(18.532162704544966, 139.7076936103112)
(18.450124669826987, 139.65315820925207)
(18.214591259943678, 138.55842904775878)
(18.118337292477424, 138.44811495263028)
(18.145402482785823, 138.24802304750358)
(18.121064588456083, 138.0683095905503)
(18.025598125922286, 138.12175299636795)
(17.773365494566082, 138.4128126548375)
(17.23493192430621, 139.17684471863464)
(15.393643381277704, 141.64136345818008)
(13.358735764391335, 144.1779451735966)
(11.923728140468347, 145.844176861957)
(9.590630706300255, 148.66306966266632)
(9.021100170401617, 149.28978803206246)
(8.517286356938193, 149.92427668632877)
(7.991123284825058, 151.67875822644652)
(7.687128238683038, 152.6380622334263)
(7.01200052002294, 155.35460222898578)
(6.740992483111497, 156.4067779510467)
(6.599504805701389, 157.11201907002726)
(6.488992387679992, 157.51847033141377)
(6.210082643174225, 159.12599635508013)
(5.806427719205817, 161.17793032250393)
(5.606187927443817, 161.99246291127537)
(5.379773147448825, 163.41526327342146)
(5.276609659227873, 164.26625324345594)
(5.286475308133837, 164.7347342896035)
(5.397985933648841, 164.8176828659141)
(5.601540404866695, 164.81807181180017)
(5.898618088288033, 164.72518312675166)
(6.050532827658096, 164.5934836470977)
(6.349498322680904, 164.25238951228965)
(6.556342767654779, 163.93509371640965)
(6.747458408355754, 163.57810446831033)
(7.1405275910613675, 162.71986560342225)
(7.263362104303058, 162.30660790744417)
(7.33242499085806, 161.98723690146053)
(7.945725085704104, 158.69918091511053)
(8.657716878251383, 155.01587970944425)
(8.806354144781206, 154.453273733711)
(8.862926206845879, 154.31307793697232)
(8.918720030033425, 154.22762031983083)
(8.968283381768702, 154.2020210474434)
(8.976087075118537, 154.30184820377514)
(8.939745431053241, 154.54770820969816)
(8.192604962209458, 158.453292510974)
(7.78371660374327, 160.68416154166897)
(7.685317528038773, 161.52997220724893)
(7.697052657909416, 161.68674351546153)
(7.742261113848221, 161.88132931599392)
(7.977099272352092, 162.06112165916187)
(8.123160640025498, 162.04550375387223)
(8.36331332160177, 161.89351156845083)
(8.588830990141613, 161.70539686041315)
(8.747740567276313, 161.52412542805135)
(8.900437563483344, 161.30028553510067)
(9.06117215721518, 161.00801432630357)
(9.24453203330982, 160.62083515650477)
(9.518089391768672, 159.96515055683676)
(9.69041539662648, 159.25101521756693)
(9.861346641644856, 158.33431777386335)
(10.25476109337283, 155.9305708094936)
(10.809672548425324, 153.1706366381689)
(11.03350995392013, 151.93864309440121)
(11.155050975501757, 151.66301347116894)
(11.31021421868037, 151.3895433976299)
(11.334893086926384, 151.49000524682452)
(11.262506322094579, 151.92255056634374)
(10.525782134217131, 155.58607239402428)
(10.050441084547279, 158.90332557182387)
(10.06302061200291, 158.99545972885068)
(10.166975744054339, 159.1239879541784)
(10.233446749326832, 159.09602410339875)
(10.28584772947713, 159.15172572118937)
(10.42514616467012, 159.1561145551758)
(10.690274943038743, 159.05149725685635)
(10.891478599120305, 158.83589726771163)
(11.257313989235618, 158.33026462731988)
(11.484535177985295, 157.97456732952668)
(11.685427438621334, 157.6228903365214)
(11.852655456008964, 157.2883504884488)
(11.97881613034441, 156.9841907430433)
(12.08137543050325, 156.64423520612596)
(12.133465189871336, 156.38268942040952)
(12.61210860094252, 153.62126293543685)
(13.51589112592497, 148.94656209549794)
(13.586154128415796, 148.71543009352456)
(13.732503278120403, 148.40728782502845)
(13.810314511995472, 148.3546913203207)
(13.811161147731124, 148.4211857902183)
(13.724849096635314, 148.88469867742674)
(13.099151350120874, 152.14500069774965)
(12.481819737594998, 155.65396151195552)
(12.40375152304874, 156.34860402533457)
(12.551540134672296, 156.51976991341698)
(12.621063030433096, 156.5159754721877)
(12.933197949619489, 156.35148035463772)
(13.03401055666692, 156.2702795771686)
(13.302873537879726, 155.9744558357756)
(13.716699507752107, 155.42170891201087)
(14.155637902209763, 154.4608538781828)
(14.305980911162273, 154.0231567279477)
(14.455617864425268, 153.3934305625753)
(15.17543076885426, 149.78220147166553)
(15.971182127112105, 146.1527147374852)
(16.08809820067608, 145.74701226541416)
(16.205680238710553, 145.41925608005474)
(16.33283229102535, 145.13771380995317)
(16.473948144298323, 144.87787475616474)
(16.856854475747394, 144.40331074562403)
(18.422650552834327, 142.2379553034588)
(18.697777947233053, 141.82842706252035)
(18.87546510721802, 141.54103774067624)
(18.895039475722836, 141.48776403195774)
(18.829059964548584, 141.33118030173222)
PEN UP
(19.437709978142752, 133.70965927655226)
PEN DOWN
(19.456232332594286, 133.54443666357548)
(19.387118232245815, 133.61982280645833)
(18.672268024051217, 134.65255485057722)
(16.33956883691667, 137.76398037753495)
(14.795929095091568, 139.8405685161805)
(13.968291004800014, 140.99149544878532)
(13.734612812906938, 141.22794758324295)
(13.17004346564078, 141.8875764955392)
(10.776396801253009, 144.85374093829705)
(9.638218784611697, 146.1665840879651)
(9.529549838990736, 146.41814890469513)
(9.274547534189677, 147.20699048585354)
(8.634876827803332, 149.46033415903702)
(9.659435672071425, 148.28411955135948)
(10.345772557995618, 147.5501084911066)
(10.56442279176731, 147.23971968130488)
(10.97046869138772, 146.7361111591485)
(12.595010155396448, 144.7507603493867)
(13.344803846521533, 143.91526614584478)
(14.212065559402033, 142.81383743838427)
(15.72154730301462, 140.94789353779464)
(16.08855646045916, 140.41235495105687)
(16.50704310563445, 139.90604790578539)
(16.847357860607275, 139.44540067851773)
(18.259265094578016, 137.43933396447045)
(18.848766930722153, 135.58241504462586)
(19.10054968014556, 134.71856800882858)
(19.35474014323624, 134.06718260323242)
(19.437709978142752, 133.70965927655226)
PEN UP
(7.99564348268205, 150.5139432882071)
PEN DOWN
(7.23749955464093, 151.44334191338862)
(6.3707718587939866, 152.42240298298202)
(4.856701939065785, 154.03068314848085)
(3.990341792601885, 155.02106183122197)
(3.745678758782105, 156.006182455792)
(3.085645108002838, 158.49002947033634)
(2.943070945282037, 159.25941254354586)
(1.841286761953255, 165.29984592932092)
(1.1986357173924271, 168.7541808068768)
(0.8693524749923609, 171.0841728736928)
(0.75471727777016, 171.79462622665432)
(0.7448791038164632, 172.0395499652231)
(0.7840687750886127, 172.10235451838741)
(0.8755394179560131, 171.87339587838363)
(1.4116406822969707, 170.18995964713847)
(1.8750010232142662, 168.83671571142682)
(2.22946369615137, 167.90009490675857)
(2.4524998507144704, 167.24269792581083)
(2.6625431607839642, 166.7134254399793)
(2.7445745329268747, 166.5526437626243)
(2.92607245893993, 165.99206704771132)
(3.5615395112695265, 164.30809650921609)
(3.9884364266233066, 163.09482160109053)
(4.828466846749603, 160.94720236234258)
(5.121950935398327, 160.27001021090996)
(5.725876082064618, 158.79382933713936)
(6.1862741028792865, 157.57128763077785)
(6.411657417259534, 157.02791034552678)
(6.422694048094196, 156.90700944140093)
(6.549579685681129, 156.50975931920487)
(7.293370315610121, 153.42656219467577)
(7.8859997436664875, 151.4665124172039)
(8.239354244871242, 150.20424547807053)
(7.99564348268205, 150.5139432882071)
PEN UP
PEN DOWN
PEN UP
END
