START
(30.431324392942006, 166.791219702874)
PEN DOWN
(27.525223557097487, 171.9999193718898)
(26.76132027674052, 172.68661515870417)
(28.05390000858024, 169.54881716835013)
(31.72291033488109, 163.19186776763027)
(30.985747002002626, 136.90140074821707)
(-2.856387342880017, 186.22271360380978)
(-2.3998692311086645, 193.87697988010405)
(2.8386170558271986, 203.6600656778469)
(5.553010069792042, 199.27145898543898)
(6.7079083823584975, 194.76754384177946)
(8.977439150596428, 191.05039844288808)
(15.559021228412885, 182.42772877732827)
(18.506783752394313, 179.36754419574055)
(20.05524506611049, 178.29202633230045)
(23.1135929503592, 177.21646840493185)
(25.160630089759323, 177.81957126667933)
(25.60240535782733, 182.43169677853962)
(24.517413650853303, 187.78948082751305)
(16.161879455160957, 203.9737535501137)
(10.0611185807585, 213.88829029979763)
(11.16405050780478, 211.0023033336073)
(19.543084663767818, 196.05379950124708)
(23.50011464751502, 187.85586191466518)
(24.552947994581373, 183.27092694881054)
(24.06325391826303, 179.97581492646663)
(22.311276213557434, 178.9008445550994)
(19.589671536999514, 179.90010615865214)
(16.221978860131866, 182.80508216532576)
(12.591808560266244, 187.44585619501115)
(7.658693452294428, 194.52475189868454)
(6.816564754742258, 196.15811216167015)
(7.219859914632833, 197.69241279663078)
(6.883554717636338, 199.1107698335282)
(2.479918462678087, 205.37906777771275)
(-3.2262583445975688, 194.3975985814273)
(-3.9201544400599517, 186.4247775906304)
(17.829054370587325, 157.03134926125034)
(32.380845339179956, 133.8404289664865)
(33.16952734893936, 161.52725269733418)
(30.431324392942006, 166.791219702874)
PEN UP
(24.201561596618685, 169.026462077857)
PEN DOWN
(21.91396751866177, 164.78845251026286)
(21.656949469378155, 157.1754003369195)
(22.414349153515783, 158.06438750580458)
(22.851048800728208, 161.24835221082498)
(24.201561596618685, 169.026462077857)
PEN UP
(16.820075829123095, 176.85515924359422)
PEN DOWN
(14.848676825912882, 171.55977933637487)
(15.112133441996011, 167.26024974375395)
(16.295293208719944, 171.80039447360838)
(16.820075829123095, 176.85515924359422)
PEN UP
(16.829197577345635, 190.08422403086783)
PEN DOWN
(14.162570110806842, 194.55961065250722)
(12.850726276473052, 195.86001370134946)
(13.35722284607476, 194.411012782243)
(15.377913277982733, 191.16378069462962)
(16.77998806165708, 189.46710267493626)
(16.829197577345635, 190.08422403086783)
PEN UP
(11.207480039886693, 184.2013354024773)
PEN DOWN
(10.883540674886536, 184.9082168540342)
(10.449357919336691, 184.4384897089659)
(8.600246103816936, 178.63561171604735)
(8.76822782190398, 176.29967803576187)
(9.360549138652985, 175.77597688296112)
(10.398473103320173, 179.39811036282876)
(11.207480039886693, 184.2013354024773)
PEN UP
(5.302324075550073, 192.06132883247744)
PEN DOWN
(4.215407750122974, 191.40604086937387)
(2.026737965097035, 185.58418778157346)
(2.28329772278532, 184.83536400102724)
(3.361143796707858, 184.92419465317545)
(4.130634151648133, 186.54139115966865)
(5.370055010532373, 190.66009813733018)
(5.302324075550073, 192.06132883247744)
PEN UP
(-9.031649542189912, 199.40839702301935)
PEN DOWN
(-10.481719514113065, 197.2989318585473)
(-10.312595040239215, 194.02248216827667)
(-8.938648063750474, 196.92369435979006)
(-9.031649542189912, 199.40839702301935)
PEN UP
(-14.325089771072063, 204.57989198038626)
PEN DOWN
(-15.411132278052232, 202.58996337828717)
(-15.383088389460728, 198.74762867206636)
(-14.206911920657587, 201.09988597721383)
(-13.955872939780651, 203.97692989769865)
(-14.325089771072063, 204.57989198038626)
PEN UP
(-7.092203781131113, 227.80742125604965)
PEN DOWN
(-5.432462608821174, 233.1870951851132)
(-5.528196318274816, 236.71283032050357)
(-22.55569775632319, 255.53088840072144)
(-26.922753995399898, 257.03323644169245)
(-43.94421486588692, 252.0300411219432)
(-53.09637717876779, 240.51353003671917)
(-33.984328624185494, 232.27030304696893)
(-37.26890405734753, 216.72471161118057)
(-36.98443753159133, 214.89546710613425)
(-35.89633984783975, 213.05280032709913)
(-25.80152138793626, 206.32223927471793)
(-21.020151150415487, 203.4096276525679)
(-18.35056061576518, 212.36861199604118)
(-10.253505453481925, 224.72350827001915)
(-7.092203781131113, 227.80742125604965)
PEN UP
(-20.079971559607298, 211.9755562530905)
PEN DOWN
(-21.339259494223338, 204.2057201812184)
(-35.33676707315539, 214.09223638102944)
(-32.88988762673226, 232.46942785492635)
(-50.78561094469637, 241.32628339565534)
(-30.789689846747027, 255.8596927107526)
(-16.588902319947117, 247.35787216584774)
(-7.7894654151478875, 236.79295174932506)
(-7.551682996536773, 232.08689530627314)
(-9.966782938651152, 227.35148370193338)
(-11.848294861941156, 224.99144405956227)
(-20.079971559607298, 211.9755562530905)
PEN UP
PEN DOWN
PEN UP
END
