START
(15.203912543555454, 146.9743484450373)
PEN DOWN
(22.51106394268154, 136.9779516197154)
(22.625301563220184, 136.3079295796906)
(21.93692541605684, 137.22767661125096)
(23.189021382748688, 132.8413057332884)
(22.410648047551593, 133.5789758329573)
(23.697987963221706, 129.11484991730262)
(20.82489819537244, 133.21272073305818)
(19.027274499631517, 138.9480396860243)
(19.71692419710003, 138.41223786593963)
(18.92127812113565, 141.41005497568597)
(14.903390289611567, 146.71353928946047)
(13.740413894327476, 147.29188732904169)
(13.29587240951823, 148.35741060075887)
(14.063684843404316, 148.07219730659136)
(6.771424656583028, 159.82803802109007)
(7.9471383557023785, 161.75612404726382)
(3.0831633162446126, 170.1413308332871)
(4.156070593626744, 171.56153802087601)
(0.07242760156903053, 179.37761461222226)
(0.02212582440721392, 179.97786973255887)
(4.840156286535488, 170.91754128382473)
(3.6170628968047405, 169.87580745711074)
(8.598600513919697, 161.25395048483318)
(7.35507117168336, 159.52380336011936)
(14.394068302533336, 148.1368917029359)
(15.83188545568629, 148.37233697754826)
(10.188865010953219, 158.456395928733)
(10.20290706791936, 158.9518885599892)
(12.264350046676205, 156.47347125396965)
(9.964896555448417, 160.96950437019458)
(10.231607597877883, 162.21382552088596)
(8.590322784306904, 164.57205688947622)
(7.874999184827398, 166.25307001043495)
(10.46916734871398, 162.49923878213082)
(10.805940014487843, 161.66267341545466)
(10.700416954636172, 160.0439649413904)
(12.372202344443911, 156.95156119177545)
(12.55551424707221, 158.35010674902313)
(12.971001658460665, 157.84779226668337)
(16.577494296058752, 147.5624682936832)
(15.203912543555454, 146.9743484450373)
PEN UP
(21.485548523758403, 137.204880121035)
PEN DOWN
(21.199688127288383, 138.2661896921562)
(19.614864382998768, 140.4634909304532)
(20.614330563724955, 136.7728901383558)
(22.2660695997032, 134.43926719360155)
(21.485548523758403, 137.204880121035)
PEN UP
(21.61834039686029, 134.70896605078744)
PEN DOWN
(19.87309651493776, 137.57514749126494)
(21.038024833322716, 133.55323866931883)
(22.68682981810652, 131.19543571804618)
(21.61834039686029, 134.70896605078744)
PEN UP
(15.362182247560948, 149.8890273284086)
PEN DOWN
(13.044456458222495, 156.52133988997628)
(12.939301432933737, 155.16903448772524)
(11.518528985510837, 156.77291975591402)
(15.362182247560948, 149.8890273284086)
PEN UP
(11.134911355215388, 149.52837567250728)
PEN DOWN
(12.699608300188837, 148.71553391991407)
(13.038003353994055, 148.03175425299082)
(12.729121580415262, 147.85523778735578)
(11.54007994667321, 148.75934553862717)
(11.134911355215381, 149.52837567250728)
PEN UP
(7.661863758444026, 152.99623663600315)
PEN DOWN
(10.311198647499472, 150.51899925917337)
(10.71357993419121, 149.48025973825412)
(7.915404714455038, 152.0582873622462)
(4.764518298036019, 151.43244851428952)
(4.4698888257203055, 152.3027960678569)
(7.213603868520225, 153.17471624985575)
(5.175668520849528, 157.09648626962448)
(4.419587677588881, 157.54506946117397)
(5.265357776738585, 158.26987751208188)
(1.682809460164271, 164.31747375377753)
(1.5303613043342337, 164.98712466132704)
(5.90084201653345, 157.79879834159664)
(5.511365023316848, 157.14779081378154)
(7.661863758444026, 152.99623663600315)
PEN UP
PEN DOWN
PEN UP
END
