START
(11.198605326226602, 193.94893342036784)
PEN DOWN
(12.683428607908938, 194.7179271111936)
(14.873849535004462, 194.69421268390738)
(20.052841690958086, 192.78230702107894)
(23.021377418024613, 190.76641295636665)
(24.215074962120667, 189.4910439500349)
(24.50398040572607, 188.80113181204268)
(24.41809065196613, 188.1266192858634)
(24.025885064197983, 188.03171748352747)
(19.22908851262314, 191.17662788168832)
(17.381161009680614, 191.90425107478006)
(12.282567123780417, 191.77401906755765)
(11.44329324346858, 192.73845387108491)
(11.198605326226646, 193.9489334203678)
PEN UP
(-0.7890021744227251, 200.4551542966379)
PEN DOWN
(1.114270039597838, 199.6185876840905)
(5.233078023425282, 196.77839778376557)
(8.96706136271935, 192.92369701586685)
(11.868809014307647, 188.50219759245772)
(13.585047737781377, 183.946898517542)
(13.828015781353013, 179.60292572444556)
(13.26552629200172, 178.12904415327571)
(12.258069152792611, 177.386666282649)
(10.871258102865694, 177.3602713368523)
(9.170260122313586, 178.0340467523842)
(7.222246208202598, 179.39307660280423)
(4.824308165921425, 181.65276833399264)
(2.62581144150428, 184.21706972342153)
(0.5805170561110193, 187.0022682058039)
(-3.2284881949799265, 192.85488015562402)
(-5.022773663419513, 193.29784008051692)
(-9.56210588835254, 190.90514362602923)
(-11.82879037318985, 190.9864874233807)
(-15.624940274361656, 192.5656761247521)
(-20.473345513593433, 194.78561543037256)
(-22.314352639802994, 195.6980697112052)
(-25.31774818636236, 197.98073728504204)
(-27.957487616977506, 201.17339311089245)
(-28.962374394981868, 202.95053386141853)
(-29.766732791972284, 205.19147504567883)
(-29.913431637380295, 207.018126423943)
(-25.74570969763493, 215.37828641659078)
(-27.137557250521525, 223.22200617928345)
(-26.33837400356745, 226.00920775200325)
(-25.005746148490406, 227.01281375125632)
(-23.170634062020515, 227.5754930210559)
(-20.98103949313144, 227.66293734362856)
(-18.607078801907615, 227.25408100196267)
(-16.36016693901743, 226.35783241339433)
(-14.376112766665987, 225.08166297884716)
(-6.216190905195582, 216.77371276650695)
(-4.295376693969626, 214.01715658097208)
(-3.270240243770854, 211.53249320244288)
(-2.760013406788536, 208.68998937773364)
(-1.8783365693854008, 202.34560939423764)
(-0.789002174422706, 200.45515429663783)
PEN UP
(11.848797088424384, 181.6216866307075)
PEN DOWN
(11.929319340892468, 183.2413119809545)
(11.595831091483905, 185.22534347683722)
(10.8691083743716, 187.39118756465706)
(9.754353224361966, 189.56144848306474)
(8.24824024474256, 191.55708163919365)
(7.194652792926953, 191.63631018815647)
(6.160770997392607, 190.3339878098679)
(5.353440181137232, 190.75211842581842)
(4.75227626637741, 191.8957436775419)
(4.776506076182404, 193.24797753375944)
(5.871211203414126, 194.2573513870173)
(1.8350718397439727, 197.12147896855816)
(-0.1824098474203334, 198.0334516773072)
(-1.8181061956937212, 198.10141802789076)
(-2.751705196324667, 196.96532714794506)
(-2.472450873928686, 194.9967830913621)
(-1.4702377644307454, 192.7009472021378)
(-0.023986265641863718, 190.2631411369708)
(3.1577295305947017, 185.72035275953513)
(3.1361256645752764, 187.91636541278922)
(3.774473529825714, 188.4702841647581)
(4.60121979420113, 187.94662404415487)
(5.1924578393241285, 186.8856535684774)
(5.017106171963776, 184.87870723302348)
(5.577292665764712, 182.9389148560166)
(7.350369108068324, 181.3669303568018)
(8.91746400974717, 180.4149399448617)
(10.222322735361617, 180.11913377249218)
(11.214574616888838, 180.51222211050467)
(11.848797088424366, 181.6216866307075)
PEN UP
(-2.7076291924754186, 200.6784650487735)
PEN DOWN
(-4.005900048801377, 203.3848681427599)
(-5.3387054856307765, 211.47268196416644)
(-6.824713484511247, 214.5840346101509)
(-10.587905737896136, 218.97674817990833)
(-16.1234674810559, 223.87219332576473)
(-18.193704662817243, 225.06534844738596)
(-20.43607592577997, 225.5384951448026)
(-22.258606798961353, 225.366224495791)
(-23.568581548389258, 224.63640274521694)
(-24.307144163793012, 223.4401080761415)
(-23.550672133192034, 215.49872859460086)
(-20.81455971006802, 205.30467152664792)
(-20.038685366339802, 206.76855068880457)
(-18.562397655960023, 217.75271310008918)
(-18.2343906387957, 221.8082428906316)
(-17.515356376561847, 221.87470944242713)
(-16.708980722360682, 221.52528954546906)
(-15.99021858810848, 220.41413681667098)
(-15.89093235191209, 216.96950793486565)
(-11.78229070109906, 213.95453819894436)
(-10.899542888904193, 212.79562129957154)
(-10.985339138827829, 212.26024033193633)
(-11.714951868223338, 212.06095442033475)
(-12.862763458484404, 212.5913786581213)
(-16.6088205549303, 215.33232831036662)
(-17.80470983508603, 205.82507881064922)
(-18.621899871762324, 203.6957496431613)
(-15.328948427987996, 201.28280012936085)
(-14.62562507333444, 200.19275409512306)
(-14.780674639526499, 199.6070200617045)
(-15.336522348462875, 199.41164767013288)
(-19.610475995573953, 202.34886835369758)
(-21.23553718402383, 200.7742418195911)
(-21.963747735596407, 200.64005570347553)
(-22.749631386276537, 201.11947302518416)
(-23.228603374925914, 201.87590759192685)
(-23.24346079151561, 202.50743505020074)
(-22.235483451001585, 203.77946704515296)
(-24.821922115406377, 211.99527986471867)
(-27.74229130446162, 205.2825058510653)
(-27.008490179883065, 202.6673595831856)
(-25.215411641771574, 200.0511434352921)
(-24.085196088361446, 198.95550132729977)
(-22.243821229816746, 197.80009200655968)
(-19.610125779450502, 196.49126197750923)
(-14.17694455968517, 194.03193461357102)
(-12.488021860182062, 193.43690138193023)
(-10.635104440306929, 193.56490857563568)
(-6.131029910911145, 195.90962792368447)
(-4.346667760835496, 195.56080422373918)
(-4.790010058303679, 198.62252534357174)
(-4.46262881475981, 199.61145289656668)
(-2.7076291924754248, 200.6784650487735)
PEN UP
(7.023816325720162, 198.607454692011)
PEN DOWN
(9.94490714399544, 200.20651892669815)
(12.237853769679537, 200.453454081696)
(14.585729708422498, 200.13991126212045)
(16.555811945232165, 199.226884123406)
(17.14627148271608, 198.09406929710724)
(16.92651905052256, 197.33746432737382)
(11.689716759831995, 197.9272554234928)
(8.71534619019848, 196.49093786794953)
(8.00529760653965, 196.5980292008178)
(7.422363233880761, 197.08800800950146)
(7.0603788455140375, 197.81029896462982)
(7.023816325720187, 198.60745469201095)
PEN UP
(-2.779774592719706, 173.23588146696903)
PEN DOWN
(-2.775141077930266, 174.12162599017432)
(-1.072986487110439, 175.10011825526544)
(0.09143214469685591, 176.22548647049348)
(1.0985661306239296, 177.62003065314752)
(3.0527025887554076, 181.223398142996)
(3.4514505807893068, 181.0834503655962)
(4.309412790378133, 179.97771345163005)
(4.62360160231839, 179.1632610006833)
(4.277043511416438, 177.3153678711543)
(2.0715429178485936, 173.89010719058342)
(0.8372573015782151, 172.5051979511748)
(-0.9847925327625655, 171.1976665068869)
(-1.4886193280669067, 171.27777965260697)
(-2.0841350118208872, 171.87962810887274)
(-2.779774592719738, 173.2358814669691)
PEN UP
(-8.019407140415924, 182.0138199731243)
PEN DOWN
(-7.700370863731096, 182.93267186557966)
(-5.102411646510395, 183.19670510300776)
(-3.39140286137165, 183.8753469699463)
(-1.3058846004684366, 186.08836642331255)
(-0.5413982540878134, 185.79909309027494)
(0.4874347672880683, 184.04387758209955)
(0.0002634998264994001, 182.70681878917665)
(-1.171545259343993, 181.69774968884002)
(-4.1418832765056175, 180.400566674926)
(-5.795171507705135, 180.1034786011125)
(-6.898381599156403, 180.3300741295464)
(-7.473836523847148, 180.91333295232528)
(-8.019407140415924, 182.01381997312436)
PEN UP
(-27.50705604072555, 179.80818821446587)
PEN DOWN
(-6.42113776165645, 245.01758222270368)
(-4.858611194051131, 245.1077750985402)
(-3.500534423374967, 244.81545393565764)
(-2.7846675991336918, 244.27924396822075)
(-3.0716555500534004, 243.63597377927073)
(-4.667622267454549, 242.9966268820024)
(-25.61628001270426, 178.50684037519505)
(-25.48955730038732, 177.65823659156456)
(-25.729953704112585, 177.31371748560306)
(-26.22394824634781, 177.52473027289886)
(-26.85779753091157, 178.3418598130748)
(-27.507056040725583, 179.80818821446587)
PEN UP
(-35.557918155824396, 192.69550712808712)
PEN DOWN
(-37.246013791197996, 196.65595474024605)
(-41.9650590516355, 204.69530924607295)
(-43.06949117642265, 207.32177160296447)
(-43.94680850547009, 212.2009343266015)
(-43.625602050684805, 214.34688822628016)
(-41.588504592873484, 218.31217142018036)
(-41.24235270679429, 219.87995285818926)
(-41.31924227036983, 222.13227653424096)
(-41.85231024075877, 224.43995968977993)
(-44.822295900519514, 230.44737656940012)
(-45.20271050346102, 233.10913517423344)
(-44.61558432135176, 235.6026349564435)
(-42.94083157986349, 237.81427787366172)
(-40.11241988369092, 239.6128788495569)
(-32.77067671451762, 241.91175372184807)
(-28.801077001857823, 243.99489943085652)
(-28.04842373919234, 245.01712701531812)
(-28.639539255201903, 245.95015985223634)
(-43.585420609871946, 250.60315498273798)
(-44.376233157938096, 251.26820525497382)
(-43.70219444076136, 251.77506826202182)
(-40.926078048640385, 252.08965946502752)
(-38.291789990427255, 251.65560351815736)
(-25.217595550117863, 247.40339152869788)
(-23.821426223264133, 246.10107808240093)
(-23.535353568204723, 244.77529545568603)
(-24.208363000685097, 243.48132729457282)
(-27.85886046580594, 240.98646823728347)
(-30.046683738073295, 240.11981331968246)
(-36.9346088129383, 238.0946231770238)
(-40.127821788021464, 236.22268518275973)
(-41.659176931648176, 234.08692255208626)
(-41.93748391798814, 231.7301224439968)
(-41.297035797152645, 229.134103211553)
(-39.04655334447784, 223.71322579378682)
(-38.67086567901781, 221.243093906634)
(-38.77755448851322, 218.90087126969874)
(-39.300393159055474, 216.7468965492706)
(-41.224459717212156, 212.65868435461977)
(-41.61711110949849, 210.33169577742007)
(-41.31086087785679, 207.76479450999096)
(-40.23337173892811, 204.842234835055)
(-35.20860559121638, 195.94985703001925)
(-33.70822976374605, 192.02456580194746)
(-33.38122335393479, 190.46479887699934)
(-33.44375705505482, 189.27164777894842)
(-33.861900566637495, 188.4806046906209)
(-34.60815297209403, 188.12627276991543)
(-35.65995960921289, 188.24290078417334)
(-40.877162247244684, 189.6274421732437)
(-41.38271464317291, 189.97737355821042)
(-42.11921079416926, 191.1565064593284)
(-42.04360982336225, 192.06501905230886)
(-41.495148212059526, 192.08799847787878)
(-35.923491718335946, 190.76616956988164)
(-35.349676107760374, 191.57761624644712)
(-35.55791815582442, 192.69550712808717)
PEN UP
PEN DOWN
PEN UP
END
