START
(-47.410052866583825, 154.35789912459884)
PEN DOWN
(-47.66138733331076, 155.19474722886224)
(-49.239753231554594, 155.93643985909236)
(-51.54115023415212, 156.4286475076038)
(-53.82982464317169, 156.5300924837557)
(-55.303135502142446, 156.13734581152738)
(-55.303135502142474, 156.13734581152738)
(-54.8467613093092, 155.34452450346927)
(-53.138249537901864, 154.69545245749154)
(-50.910572655849826, 154.25317701334123)
(-48.80138603485548, 154.10114311444136)
(-47.41005286658381, 154.35789912459882)
PEN UP
(-35.97479978130264, 157.6406351926398)
PEN DOWN
(-35.334269701126566, 158.23492087658647)
(-35.306658285013626, 159.19932467820044)
(-36.044559673542025, 160.20363822795986)
(-37.76858356598731, 160.90893974542374)
(-40.576189034972536, 160.94933667426173)
(-40.57618903497249, 160.94933667426173)
(-41.206431050263255, 160.23286739593573)
(-40.92042635701966, 159.22175810773854)
(-39.88067300427096, 158.24357812509234)
(-38.22877527621379, 157.61586644983916)
(-35.974799781302686, 157.6406351926398)
PEN UP
(-45.503314338336374, 147.81935020229892)
PEN DOWN
(-45.87788264800721, 148.8785726606148)
(-47.13258769102284, 149.3372234963932)
(-48.788279748706906, 149.31795232485652)
(-50.318572490418106, 148.955972688399)
(-51.250701718396456, 148.4188334722439)
(-51.250701718396456, 148.41883347224393)
(-50.99532626594104, 147.49131407254526)
(-49.85788469002053, 147.07098947626906)
(-48.288010442682925, 147.04832097055927)
(-46.692293310523546, 147.32195671216607)
(-45.50331433833639, 147.81935020229895)
PEN UP
(-22.44336464414077, 144.7919320670355)
PEN DOWN
(-20.694768977320088, 146.33525667806734)
(-19.860919684134572, 148.17595664214355)
(-20.036062850719762, 150.2034812909185)
(-21.404823538053048, 152.28605268304324)
(-24.230339007111905, 154.25648619032944)
(-24.23033900711194, 154.25648619032944)
(-28.415820844552595, 155.77738486401404)
(-33.33732114762358, 156.58096758048475)
(-38.28646157634479, 156.59555859985085)
(-42.44925621392815, 155.81872135683415)
(-45.176327542678365, 154.31815397311198)
(-45.17632754267839, 154.31815397311198)
(-46.09196157088077, 152.37188249497763)
(-45.442895234126354, 150.3043211368559)
(-43.650760370422276, 148.28210665066803)
(-41.02836494416546, 146.43647347824293)
(-37.77970534757556, 144.87708607615346)
(-37.77970534757558, 144.87708607615343)
(-34.286165524292464, 143.78018891313715)
(-30.907934118747207, 143.23326775154976)
(-27.739283001682814, 143.2155527215937)
(-24.879843413703508, 143.72772368806153)
(-22.44336464414083, 144.7919320670355)
PEN UP
(-41.13175857159084, 153.2002664204998)
PEN DOWN
(-39.157718548740476, 154.187616187257)
(-36.364807676704544, 154.6773604664596)
(-33.12771327430797, 154.644623102895)
(-29.873023616389787, 154.09372213523383)
(-26.99127569831584, 153.05721367100168)
(-26.991275698315885, 153.05721367100168)
(-24.92086784525246, 151.69708475500403)
(-23.816749063153587, 150.2363440909799)
(-23.56820302678876, 148.79465133381288)
(-24.08759738605729, 147.47303346924224)
(-25.32715777504147, 146.35970436244352)
(-25.327157775041382, 146.35970436244344)
(-27.118399125707835, 145.59565910510912)
(-29.249870278971414, 145.23663557899746)
(-31.614116219010054, 145.26873748483382)
(-34.11253650553895, 145.69047437824818)
(-36.64671642905238, 146.51268209972264)
(-36.64671642905239, 146.5126820997226)
(-38.9277181486002, 147.66266064073383)
(-40.67375043641823, 149.0017700900278)
(-41.750837644598136, 150.4419235219211)
(-41.976129024296306, 151.88155783072295)
(-41.131758571590844, 153.2002664204998)
PEN UP
(-26.443005748563117, 98.83609605597327)
PEN DOWN
(-26.758753393333542, 99.52414179305518)
(-27.074954771158236, 100.23437723031608)
(-27.38874197251267, 100.95121174942567)
(-27.69758867844999, 101.65939608456425)
(-27.99931781578982, 102.3440115986596)
(-27.99931781578978, 102.34401159865955)
(-28.673375596818317, 103.85686939982298)
(-29.336785963069648, 105.35405065942653)
(-29.98975809837443, 106.83626534272864)
(-30.632468382048987, 108.30417828221572)
(-31.265061416049225, 109.75841305592596)
(-31.265061416049225, 109.75841305592596)
(-31.68776073780697, 110.75955351209434)
(-32.18090977233468, 111.94059055733499)
(-32.709626659637436, 113.17717890497863)
(-33.243150349566996, 114.34857765586585)
(-33.75444844122155, 115.33723008199632)
(-33.75444844122151, 115.3372300819963)
(-34.310248209516566, 115.84376849066999)
(-35.014586260223574, 115.9351828255467)
(-35.72752791519749, 115.75831351482023)
(-36.31677810836318, 115.4698934167314)
(-36.66582412859968, 115.23974717011787)
(-36.665824128599745, 115.23974717011795)
(-38.00301905674179, 113.81866986220926)
(-38.8112133552678, 111.93849074461552)
(-39.08283631607122, 109.64980152460467)
(-38.824977000663246, 107.00000938447342)
(-38.05450843158683, 104.03111589444492)
(-38.05450843158687, 104.031115894445)
(-35.52323813655378, 97.93813460561186)
(-31.676717626519324, 91.67272510951784)
(-27.104511750946585, 85.68711595170993)
(-22.30486610029085, 80.4787129374303)
(-17.725092147484506, 76.64228139174874)
(-17.725092147484524, 76.6422813917488)
(-17.273315400215566, 76.328977355432)
(-16.681114297434117, 75.95308105965148)
(-16.16272886474253, 75.74863546297566)
(-15.933234021640633, 75.95774458648035)
(-16.206272989955277, 76.82117986044078)
(-16.20627298995528, 76.82117986044078)
(-18.16379363239325, 80.98336439444402)
(-20.052635701502375, 84.99209659185523)
(-21.867053990223084, 88.85771448698716)
(-23.59839982382245, 92.587580216507)
(-25.235208631525847, 96.18672157736736)
(-25.235208631525865, 96.18672157736742)
(-24.712043218518044, 96.09410358382046)
(-24.1861703786482, 95.99429083268716)
(-23.657654960070644, 95.88728699900604)
(-23.126561105305736, 95.77309589839693)
(-22.592952192838705, 95.65172146125663)
(-22.592952192838705, 95.65172146125663)
(-22.255076594712712, 95.5751605598993)
(-21.900537434512692, 95.49252245690326)
(-21.538214255367325, 95.40030269404879)
(-21.177194370592883, 95.2954036504549)
(-20.82675380110378, 95.17512635229092)
(-20.82675380110378, 95.17512635229092)
(-19.38791841260233, 93.28636027644548)
(-18.153670294930738, 92.20298379776781)
(-17.066387522210796, 91.71076586269187)
(-16.06252734275354, 91.58386075577477)
(-15.082757854600434, 91.59581211867514)
(-15.08275785460044, 91.59581211867517)
(-13.950373540889363, 91.57751871732226)
(-12.797370107528371, 91.51638751300098)
(-11.624608445075038, 91.41242208760283)
(-10.432942810785496, 91.2656279720872)
(-9.2232165513007, 91.07601177381862)
(-9.2232165513007, 91.07601177381862)
(-8.568638065837638, 90.94462715424056)
(-7.940952722692378, 90.81131660748791)
(-7.336789631243087, 90.70664449372245)
(-6.751601615740681, 90.65982055178311)
(-6.17953887065908, 90.69855534189834)
(-6.179538870659023, 90.6985553418983)
(-5.066742677039798, 85.2392585376237)
(-3.879234708324272, 80.03806160455326)
(-2.8292848057378452, 75.00190845810937)
(-2.0446548763476646, 69.95142815318731)
(-1.5528466595356762, 64.57295132213468)
(-1.55284665953574, 64.57295132213481)
(-1.5499637716468062, 64.01337670916564)
(-1.4679828283129006, 62.97649500233108)
(-1.1574583374504244, 61.665820909241035)
(-0.4911323328610001, 60.31284796728136)
(0.6488656485349217, 59.153612173001235)
(0.6488656485349662, 59.1536121730012)
(0.7607858815344023, 59.36613775049184)
(0.7507309779070532, 60.086670087106526)
(0.6791893750346106, 61.03518747571419)
(0.5955178660478746, 61.94838007901586)
(0.5356355529183092, 62.5830037089293)
(0.5356355529183092, 62.5830037089293)
(-0.01619237300461237, 67.48422690731937)
(-0.7691151188323571, 72.27278457554112)
(-1.7126108035672651, 77.09892208109169)
(-2.7921512923180045, 82.05091008832665)
(-3.916350508465639, 87.1757062955046)
(-3.91635050846569, 87.17570629550457)
(-4.6719370568262795, 91.27536653650748)
(-5.124947299275762, 95.08170560566018)
(-5.254907482641048, 98.59803299676517)
(-5.037219159230501, 101.81951438226149)
(-4.4446482479081615, 104.73378519590271)
(-4.444648247908174, 104.73378519590274)
(-3.4628751979362815, 107.32247099032931)
(-2.1339052649051964, 109.60848376391789)
(-0.5137065303971141, 111.64223996086304)
(1.3411744526955145, 113.47637022140867)
(3.3755658110053774, 115.1666787825313)
(3.375565811005365, 115.16667878253133)
(3.6519166650341197, 115.39008517920078)
(3.942615058023641, 115.62622517463372)
(4.248785193667405, 115.85317053262595)
(4.570689558292137, 116.04946008110899)
(4.907738408410217, 116.19409686677564)
(4.907738408410268, 116.19409686677558)
(7.073810593387011, 118.05103081255974)
(9.316488175276232, 119.80340672411725)
(11.591924933149253, 121.56482526457103)
(13.883593727087838, 123.44056258968149)
(16.208235483310375, 125.52434855411082)
(16.208235483310336, 125.52434855411086)
(16.5061421327666, 126.02303152304053)
(16.46138671789356, 126.56896647166425)
(16.109509859346954, 127.09065673642012)
(15.488872674697676, 127.51185185386298)
(14.6449507809223, 127.75165623727355)
(14.644950780922288, 127.75165623727355)
(14.240462150738521, 127.5140647295413)
(13.746310974863176, 127.11823081962197)
(13.232405076593187, 126.64607297034098)
(12.759113045406895, 126.18491918487605)
(12.376612441605559, 125.82769285688133)
(12.376612441605571, 125.8276928568813)
(11.365626414028604, 124.96528170409194)
(10.397595424556426, 124.14242696016528)
(9.440199455609989, 123.34681718427228)
(8.466398959961403, 122.56237318399504)
(7.454230126716915, 121.76932284635835)
(7.4542301267169275, 121.76932284635835)
(5.755665188044349, 124.06803917562384)
(3.7473461015271963, 125.51327001818612)
(1.497015911161615, 126.34292285303225)
(-0.9012263344391368, 126.79100102779043)
(-3.372748813898874, 127.10814926934796)
(-3.372748813898887, 127.10814926934796)
(-4.022965758845613, 127.19913682882901)
(-4.671857094523138, 127.28373435073323)
(-5.3192842379534335, 127.3619204701087)
(-5.965107036412772, 127.4336752931854)
(-6.60918394150053, 127.49898043659493)
(-6.60918394150053, 127.49898043659493)
(-9.164662443119473, 127.63070249802405)
(-10.938766957918014, 127.39679964777922)
(-12.141166209079868, 126.71824289643796)
(-12.954755004277878, 125.47403615046325)
(-13.521241609975512, 123.5082319299658)
(-13.52124160997548, 123.5082319299658)
(-13.997640351472437, 120.31121513124133)
(-14.212213988918618, 116.98271469352453)
(-14.188581162832977, 113.52392465686201)
(-13.946230364207189, 109.9333916219988)
(-13.500759019341505, 106.20698879741386)
(-13.500759019341505, 106.20698879741386)
(-13.282001465301448, 105.01847607445417)
(-12.981461140248602, 103.53629773927457)
(-12.745088151514196, 102.07994305652228)
(-12.732607793032692, 100.98151792304097)
(-13.116695957205923, 100.58190703450349)
(-13.116695957205936, 100.5819070345035)
(-13.958934878183658, 100.67570025509154)
(-14.8076768803395, 100.78080738243102)
(-15.65540413660665, 100.88054423910066)
(-16.494037305923193, 100.95822075255458)
(-17.31493647585368, 100.9971565468176)
(-17.314936475853674, 100.99715654681755)
(-17.457636721663302, 102.53589232742537)
(-17.565371793269495, 104.04698198969429)
(-17.637497862696613, 105.53096583111939)
(-17.673284232658112, 106.9882887060239)
(-17.671915206725217, 108.41930476829806)
(-17.671915206725217, 108.41930476829806)
(-17.655720712519333, 109.09657319964519)
(-17.62952440752569, 109.7713347945295)
(-17.599177121748944, 110.44473601284176)
(-17.570773439373458, 111.11809677716725)
(-17.550656253132885, 111.79290790295977)
(-17.55065625313291, 111.79290790295983)
(-17.746109798996333, 112.41124067302061)
(-18.238626947139704, 113.12739981919228)
(-18.861331412704946, 113.5320368872326)
(-19.43312645959305, 113.21209310423183)
(-19.734011727448674, 111.7371362629323)
(-19.73401172744865, 111.73713626293228)
(-19.7702772940029, 109.69009368341455)
(-19.727133139011137, 107.59038844705006)
(-19.607464612465026, 105.43716528555483)
(-19.4137583973783, 103.2291877572222)
(-19.148096942651875, 100.964812822738)
(-19.148096942651875, 100.964812822738)
(-20.395505033703767, 101.08648953486465)
(-21.39682722999282, 100.99388246433)
(-22.072768664284983, 100.53508781770655)
(-22.337894156103587, 99.5521684904044)
(-22.100583522872554, 97.87572615652277)
(-22.10058352287252, 97.87572615652272)
(-22.944945547231555, 98.0395584526571)
(-23.80946939950795, 98.21370950443882)
(-24.68579337695397, 98.40151620000147)
(-25.566079278719712, 98.60724971787421)
(-26.443005748563134, 98.83609605597334)
PEN UP
(-36.31696210402788, 103.81653968296091)
PEN DOWN
(-36.84863233870908, 106.2891281368341)
(-36.94284712062281, 108.60030414660497)
(-36.580480414307914, 110.61776807781091)
(-35.764901558253136, 112.21585241793919)
(-34.527252351522584, 113.27803479198552)
(-34.52725235152256, 113.27803479198548)
(-33.5875296956629, 111.14135032426485)
(-32.61863928511123, 108.98150363334832)
(-31.62357499272779, 106.7936882893886)
(-30.604573589981364, 104.57270706198346)
(-29.563163564537813, 102.31292461866998)
(-29.563163564537803, 102.31292461866995)
(-28.54137749377923, 100.10427755717855)
(-27.497627252846282, 97.85918725124075)
(-26.430786408283513, 95.57490357582844)
(-25.339550204825926, 93.24836280755966)
(-24.222411257355205, 90.87613445421873)
(-24.222411257355205, 90.87613445421873)
(-23.201616326284736, 88.72430719321925)
(-22.14052087808089, 86.52483905439101)
(-21.052798677706836, 84.27849929958832)
(-19.951108676669904, 81.98588704847533)
(-18.847162535705944, 79.64740161758193)
(-18.84716253570598, 79.64740161758206)
(-20.840919960519603, 81.2088116182798)
(-22.915101538522187, 83.07864728836513)
(-25.02665077950762, 85.22571827373183)
(-27.13057491056857, 87.62302109917795)
(-29.1785830600884, 90.24691000672571)
(-29.178583060088393, 90.24691000672571)
(-30.900511774330283, 92.75461776426137)
(-32.714189147902154, 95.68777517523885)
(-34.38045873118554, 98.71124487904649)
(-35.66065197672923, 101.51769782423011)
(-36.316962104027894, 103.81653968296095)
PEN UP
(-20.431795201179767, 97.7979998656718)
PEN DOWN
(-20.26599605165922, 98.20881197169753)
(-19.922960347932538, 98.41083616136513)
(-19.473042890795128, 98.471632272727)
(-18.98640767218229, 98.45982271842693)
(-18.532840405663592, 98.44579796544144)
(-18.53284040566358, 98.44579796544146)
(-17.73477023123921, 98.45556384983827)
(-16.926994327745824, 98.445920263414)
(-16.109828695480555, 98.41686866019859)
(-15.283590049370313, 98.36841340301554)
(-14.448595054595769, 98.30056171024835)
(-14.448595054595769, 98.30056171024835)
(-12.606233685398962, 98.03510428865528)
(-11.386423733303689, 97.985402106971)
(-10.771709867614709, 98.54677397105219)
(-10.712304394175941, 100.06641012278024)
(-11.111872880817133, 102.83704141502747)
(-11.111872880817101, 102.83704141502743)
(-11.257795888880565, 103.75414022173226)
(-11.39308707748369, 104.66279953810049)
(-11.517631390250521, 105.56314706857128)
(-11.631302808195965, 106.45530012189084)
(-11.733964344055615, 107.33936595057634)
(-11.733964344055615, 107.33936595057634)
(-11.97304551994648, 110.54285247232482)
(-12.045336935605107, 113.63764630744029)
(-11.939526827717357, 116.62571895501863)
(-11.642097339780417, 119.50739807740344)
(-11.137271950389774, 122.2813796092761)
(-11.137271950389774, 122.2813796092761)
(-10.658086605409526, 123.89289589437641)
(-9.992114718158156, 124.84085088826012)
(-9.011628477651088, 125.29222798712544)
(-7.555797984550508, 125.38689121717334)
(-5.441078286754414, 125.23244814665684)
(-5.441078286754376, 125.23244814665681)
(-4.819858325585282, 125.16751889581535)
(-4.196843664686162, 125.09630643169167)
(-3.572160896881865, 125.0188271053287)
(-2.945935459035249, 124.93509858696859)
(-2.318291486287225, 124.84513983269483)
(-2.318291486287225, 124.84513983269483)
(-1.3242692725032883, 124.7096644416057)
(0.08391707562356514, 124.49407883340109)
(1.6146505370806683, 124.20045838509799)
(2.968921050194854, 123.85708708391427)
(3.845357335635325, 123.51555222807495)
(3.845357335635299, 123.51555222807495)
(4.7606833529624755, 122.75913359790611)
(5.3036220304861486, 121.9049244134775)
(5.453938475824749, 121.11436902066373)
(5.188348671928119, 120.54385306897643)
(4.473046527206872, 120.34672031627596)
(4.473046527206948, 120.34672031627593)
(3.925917757659813, 120.42319397574794)
(3.3280345394693205, 120.53019416455369)
(2.7086518739477454, 120.65158125855696)
(2.097181637075301, 120.77218293439854)
(1.5231942016188376, 120.87782447691686)
(1.5231942016188502, 120.87782447691683)
(0.47474644361311513, 121.04795696442689)
(-0.5692317983422804, 121.19955659986907)
(-1.6081757345757812, 121.33253544950686)
(-2.6415110194991627, 121.44681537632127)
(-3.6686556189031245, 121.54232847333643)
(-3.6686556189031245, 121.54232847333643)
(-4.495125664526621, 121.62486389943253)
(-5.343379364945515, 121.68412361232812)
(-6.118438705967579, 121.62686617848834)
(-6.722356144978853, 121.36262048228197)
(-7.055748285440566, 120.80270856275558)
(-7.055748285440584, 120.80270856275563)
(-7.093948515286891, 119.71258642290076)
(-6.951919770678442, 117.89170132580509)
(-6.666030444156962, 115.75031088516928)
(-6.318718122128639, 113.72236982645435)
(-6.0346219389326, 112.26821887097447)
(-6.034621938932644, 112.26821887097451)
(-5.659309650330122, 110.22745313583039)
(-5.585063554805899, 108.99265434253249)
(-5.7807528948262545, 108.12125587654292)
(-6.1793802998459855, 107.14369994263761)
(-6.670463994756278, 105.55908733514967)
(-6.67046399475624, 105.55908733514966)
(-6.9129719192254555, 104.36171417872323)
(-7.093105973257638, 103.11114128347407)
(-7.211182698507429, 101.80898474077267)
(-7.267702806627568, 100.45684087415984)
(-7.263323789616945, 99.05627518289928)
(-7.263323789616989, 99.05627518289933)
(-7.114756307391977, 96.87252025630886)
(-6.993035623965321, 95.17772018442747)
(-7.183016313876942, 94.05041288914815)
(-7.945010257878875, 93.5412489773272)
(-9.520723804525952, 93.65764144445397)
(-9.520723804526009, 93.65764144445403)
(-10.835696729169346, 93.88544996550448)
(-12.131462499708874, 94.06567508036456)
(-13.40695989961681, 94.1982875443212)
(-14.661112079140139, 94.28326431739279)
(-15.892832795036746, 94.32058995679073)
(-15.892832795036746, 94.32058995679073)
(-16.291861400191497, 94.31095204182239)
(-16.768483330946015, 94.28740113731418)
(-17.274197381710238, 94.27252928906634)
(-17.76285219598417, 94.29262874349891)
(-18.190470669014857, 94.3775334760388)
(-18.19047066901487, 94.3775334760388)
(-18.788401321630122, 94.73924766051361)
(-19.365062221750634, 95.36288908217932)
(-19.868019362709468, 96.14798501171951)
(-20.242225949306413, 96.99338506475999)
(-20.431795201179792, 97.79799986567177)
PEN UP
(-4.7949000141104605, 119.35029215364597)
PEN DOWN
(-3.2544104072496105, 119.28029962218585)
(-1.6546556137122448, 119.13530753198314)
(-0.033237651490914254, 118.94311541483637)
(1.5737661907131677, 118.73420414306929)
(3.132046767424164, 118.54153767671622)
(3.132046767424164, 118.54153767671622)
(2.494315408620909, 117.92776112300606)
(1.7113457391623794, 117.30174206485451)
(0.8781134167242414, 116.67822118551683)
(0.08002990554831355, 116.08124406774654)
(-0.6069860994897704, 115.54423484041082)
(-0.6069860994897324, 115.54423484041082)
(-1.0446474379902881, 115.1500862747411)
(-1.4705287929590225, 114.74621835907966)
(-1.8846320155674654, 114.33270625041565)
(-2.2869654048785177, 113.90962336099331)
(-2.677543347359334, 113.47704118079437)
(-2.677543347359334, 113.47704118079437)
(-2.964618129154499, 113.13565541654236)
(-3.238808568558909, 112.78287109107661)
(-3.486608778694041, 112.40648840355223)
(-3.6944899906657325, 111.99448490177083)
(-3.848940106658422, 111.53496892857447)
(-3.848940106658422, 111.5349689285745)
(-4.038205233852533, 112.27564454077714)
(-4.17560855483877, 113.00900831368301)
(-4.277334703146756, 113.73246129018047)
(-4.360492491446556, 114.44379100072865)
(-4.443174764809922, 115.141252232582)
(-4.443174764809928, 115.14125223258196)
(-4.5143507642767355, 115.71364026067312)
(-4.58068043202067, 116.28321030533984)
(-4.642094892751161, 116.84997778234728)
(-4.698522491389034, 117.41395667103222)
(-4.74988873537669, 117.97515951744083)
(-4.74988873537669, 117.97515951744083)
(-4.770106816995832, 118.22081862302487)
(-4.793203379362988, 118.53118302487077)
(-4.810231286791809, 118.8559875004878)
(-4.813161520218959, 119.14545693841983)
(-4.794900014110448, 119.35029215364592)
PEN UP
(-37.20295755183236, 141.13740352296864)
PEN DOWN
(-37.01612873812557, 141.49706815804018)
(-36.80271316467808, 141.89895623690612)
(-36.618586754700075, 142.32324305008063)
(-36.52390747958054, 142.75144296200747)
(-36.58305983369603, 143.16597629604868)
(-36.58305983369598, 143.16597629604865)
(-36.994881601186975, 143.66807619668091)
(-37.67366581390272, 143.9777937250142)
(-38.46996287264252, 144.07080015129458)
(-39.22311350476417, 143.92459437873637)
(-39.77064127438389, 143.52092094540936)
(-39.77064127438392, 143.52092094540936)
(-39.92238185060102, 143.20373091898185)
(-40.09594239815683, 142.79820102999253)
(-40.22987552498917, 142.35870822094117)
(-40.269256617327024, 141.94125531566803)
(-40.164330067263, 141.6028510079866)
(-40.164330067262966, 141.60285100798657)
(-39.62770085607598, 141.0763892825783)
(-38.967761271896414, 140.76884012819158)
(-38.28212262982195, 140.6770932079253)
(-37.66305527530974, 140.79960099527352)
(-37.20295755183233, 141.13740352296864)
PEN UP
(-20.60044203566505, 154.72890309306172)
PEN DOWN
(-19.687298212277586, 155.02237798054432)
(-18.60440989620019, 155.37006965567517)
(-17.626870561035126, 155.76808005812086)
(-17.05283381305751, 156.22229824594606)
(-17.208947611055336, 156.7432922707379)
(-17.20894761105531, 156.7432922707379)
(-17.752726090096022, 157.0919672166315)
(-18.432565310194374, 157.32767257382147)
(-19.21404998764082, 157.45395116023826)
(-20.057660820565914, 157.47444128304898)
(-20.921037946020952, 157.39327604002995)
(-20.921037946020913, 157.39327604002995)
(-21.810951343334565, 157.1301528024476)
(-22.88683296000197, 156.79503527202775)
(-23.83754638454072, 156.39657224830373)
(-24.379327086744205, 155.95304390356523)
(-24.256843251615063, 155.4872710744264)
(-24.256843251615056, 155.4872710744264)
(-23.703441392211165, 155.1222270656051)
(-23.03538889005749, 154.87479666802582)
(-22.279972660756457, 154.73399678153947)
(-21.46094716913383, 154.68889120722585)
(-20.60044203566502, 154.72890309306172)
PEN UP
(-12.62559283122133, 147.82712387061133)
PEN DOWN
(-11.699605853186148, 148.23305576880136)
(-11.826955333659164, 148.85427008552767)
(-12.904659486474158, 149.5098249453633)
(-14.815656254355503, 149.9951990174834)
(-17.369747598888235, 150.08674321832424)
(-17.369747598888274, 150.08674321832424)
(-18.50613714414305, 149.44193566113984)
(-18.028818300865822, 148.81077531714573)
(-16.543771018258802, 148.28357164756764)
(-14.582278479427535, 147.92799484214993)
(-12.62559283122133, 147.82712387061133)
PEN UP
(-25.662130378384745, 138.86733787116165)
PEN DOWN
(-25.468345249483463, 139.50166686449867)
(-25.70307139568435, 140.49456369826805)
(-26.347154549200226, 141.50216600468175)
(-27.396377934849045, 142.17855963430856)
(-28.807717872174873, 142.16532778326956)
(-28.807717872174926, 142.1653277832696)
(-28.977330715159056, 141.49885875821175)
(-28.70005032624272, 140.49693648807292)
(-28.023656745714494, 139.50050997525923)
(-27.004651300203474, 138.848343479987)
(-25.66213037838476, 138.86733787116165)
PEN UP
(-16.035473442210076, 141.19431371951063)
PEN DOWN
(-15.762338747124453, 141.89438954300763)
(-16.454838706795663, 142.82685608052304)
(-17.773907688269666, 143.72759628538384)
(-19.341445901301647, 144.32696242527035)
(-20.718102470270242, 144.36447953643795)
(-20.71810247027021, 144.36447953643795)
(-20.926804917624946, 143.63795763631285)
(-20.095828790993316, 142.73846030518794)
(-18.716367132312957, 141.88423290146076)
(-17.231057124829682, 141.29257734674422)
(-16.035473442210083, 141.1943137195107)
PEN UP
(9.125176872307105, 56.80940818046755)
PEN DOWN
(6.851294561173419, 63.38055394585229)
(6.289607516535014, 67.60756533923856)
(6.244419302664247, 71.23362391316171)
(5.683684266511497, 75.71524858976046)
(3.704264175344064, 82.3016735645283)
(3.7042641753440257, 82.3016735645283)
(3.0773784774357607, 84.37541074638835)
(2.7632056064942803, 86.2922591306408)
(2.750319318620248, 87.95807620307977)
(3.0156982531016805, 89.2864602136245)
(3.5242412096970854, 90.19956188103697)
(3.5242412096970854, 90.19956188103696)
(4.365217141367991, 91.28218422744602)
(5.022620024077368, 92.55692348984783)
(5.449898800266617, 94.09866655553145)
(5.60415686213959, 95.97799090305438)
(5.446079912922546, 98.25957069635872)
(5.44607991292259, 98.25957069635872)
(5.132095281077539, 101.32497056148488)
(5.201057281435676, 103.2347908595399)
(5.758895760233633, 104.39150637593697)
(6.983155969001185, 105.12325187119936)
(9.115929593558763, 105.6739251824059)
(9.115929593558775, 105.6739251824059)
(11.513686704949842, 107.00361370398316)
(12.712448129021263, 109.3323486251432)
(13.580275882876295, 111.93255515834998)
(14.980889202250385, 114.00137887923874)
(17.744932446476763, 114.66792479374551)
(17.744932446476852, 114.66792479374533)
(18.383034934813743, 114.57460144044867)
(19.065072016190552, 114.49796818268189)
(19.604239970172923, 114.58943141097343)
(19.815061781419985, 115.00536889603875)
(19.509922319853402, 115.90216330337554)
(19.509922319853402, 115.90216330337554)
(18.693716682809754, 116.6172223307768)
(17.43461793510834, 116.95073458868399)
(16.05503149630995, 116.98421827943777)
(14.8672997035884, 116.82800302205699)
(14.154700214213813, 116.628991905032)
(14.154700214213838, 116.62899190503198)
(12.42659017732271, 115.58236509929355)
(11.50222383698278, 113.62620313061637)
(10.787478831918559, 111.35566115425935)
(9.675398753540104, 109.33219714968496)
(7.554554535640572, 108.06766545004825)
(7.554554535640603, 108.06766545004822)
(6.090261170418488, 107.71567428644005)
(4.764886436908494, 107.12863530806874)
(3.7147964315408135, 106.19646371397754)
(3.075178824468019, 104.8159435221379)
(2.9769105923266452, 102.88538700453962)
(2.976910592326601, 102.88538700453967)
(3.200470193494787, 100.88006371805575)
(3.4152345182068395, 98.83649025596968)
(3.4919166173022798, 96.90294117865706)
(3.2987804425705862, 95.22961153751429)
(2.7013598233397413, 93.9643768693652)
(2.701359823339773, 93.96437686936517)
(1.8119255942260455, 92.81701568512062)
(1.0627554756924291, 91.40450674021379)
(0.6597753612540016, 89.58303734084689)
(0.7997017227335932, 87.21847116817071)
(1.6707816313765669, 84.17100961248715)
(1.6707816313765989, 84.1710096124871)
(2.9543227400485605, 80.43579902609633)
(3.7327637928827535, 77.40192790291869)
(4.113295051794048, 74.83887603861233)
(4.227015195168652, 72.4748651796957)
(4.230831677528546, 69.99871862883805)
(4.230831677528458, 69.99871862883822)
(4.54082364101118, 67.29450708750674)
(5.480456939419698, 63.567938244486136)
(7.061759269404205, 59.03918318760061)
(9.259380880699231, 53.96314877546779)
(12.004488968575954, 48.6527911815525)
(12.004488968575897, 48.65279118155267)
(12.520126811813698, 47.885221248662944)
(12.883836199265875, 47.570661779422856)
(13.064705825568337, 47.662197126531765)
(13.035327545342186, 48.10616312337028)
(12.769180378757934, 48.84581882469747)
(12.769180378757849, 48.84581882469766)
(11.983466836047093, 50.557226998856464)
(11.228179945163665, 52.17506389126164)
(10.50007061407473, 53.735667303900534)
(9.79852092364697, 55.27099499059726)
(9.125176872307039, 56.80940818046773)
PEN UP
(None, None)
PEN UP
END
