START
(17.77843712191206, 191.03144140698384)
PEN DOWN
(17.657119867164262, 191.42988661179004)
(17.22812494377009, 192.3805443644477)
(16.474218318271618, 194.33609116346247)
(16.01317276752803, 195.31458961444858)
(14.122070135595454, 199.89821923756142)
(13.933989905563225, 200.45396632914924)
(13.378049586796775, 201.63751994420926)
(11.68932584311183, 205.9812766182452)
(10.368155131036982, 209.2359506305417)
(7.2227208859498555, 218.123642790272)
(5.61344251222055, 222.74174590801854)
(5.191130125850018, 224.58908273488112)
(4.97527812535019, 225.03194356121926)
(4.5371428574743815, 226.83838970238065)
(3.8407943400118167, 229.29303646026986)
(3.7809144607633383, 230.42260658881665)
(3.4931903902614687, 231.25659998968294)
(3.3131707112198248, 232.2346723919231)
(2.9595194185651947, 233.54041125155572)
(2.8491723622551115, 233.8400340075664)
(2.58767781781388, 234.14984452081913)
(2.6191225164930265, 234.32540838527385)
(2.3772017642440657, 234.4721734952239)
(1.9913837805155372, 234.47376140816544)
(-0.07433522159405308, 234.03229520776404)
(-6.727939411863124, 231.74503485854885)
(-7.236454603887293, 231.4851979426189)
(-7.506757158788167, 231.24510873630578)
(-9.160576600937363, 230.5144347698406)
(-13.45494765760673, 227.7551934280677)
(-15.421447331547672, 225.91967562692187)
(-15.864973276374439, 225.5432556863613)
(-16.131833088302844, 225.47018560874815)
(-16.343471982779743, 225.52675792320304)
(-17.058794337988274, 225.94246205817623)
(-18.934285118611594, 227.09448499558314)
(-40.979670054697884, 236.75460658335695)
(-51.252063032779425, 239.0478761381086)
(-51.322222064698614, 239.4758314742632)
(-51.044092979855186, 240.62538943717308)
(-42.66885623939727, 250.58203937376976)
(-31.109977425095245, 255.40633221144358)
(-27.278703029003676, 256.44287189776617)
(-26.14014293186731, 256.8209401278815)
(-26.586567106252932, 256.8568636242905)
(-28.811197246166206, 256.52426498665295)
(-34.258794526523985, 255.23270533590198)
(-40.002492986723595, 252.89798736211168)
(-44.92076147297436, 250.20943113385832)
(-45.819774965879375, 249.24470494151456)
(-46.366084777566414, 248.97698258670468)
(-47.46778552690492, 248.0688744598941)
(-53.007375005250964, 236.02051139350976)
(-52.699044927631256, 227.64788020715793)
(-52.679712220307216, 226.7418421508869)
(-52.27593426292913, 223.71481487829328)
(-43.931457069681116, 196.05792312798425)
(-42.954478538048505, 193.40295295093097)
(-42.52338375938986, 192.60071639964627)
(-42.05798398206374, 191.17973827515442)
(-40.66766974043111, 187.7615045399383)
(-38.79638750354199, 183.0505926317512)
(-36.353402627818376, 177.34300281263052)
(-35.99548942460036, 176.62692753281777)
(-35.830023409232645, 176.47763281020065)
(-35.66864686825478, 176.57819545409325)
(-35.68896803025779, 176.7748892160181)
(-35.83546692438967, 177.19273650074516)
(-41.135559176647185, 190.02840560993897)
(-41.27300652087214, 190.4841806942341)
(-41.37006469993482, 191.22642931720003)
(-40.177692396483444, 190.86494815371117)
(-34.871783995048176, 189.29568127927507)
(-33.59846529971232, 188.86504099613163)
(-33.19768243076798, 188.79496927306764)
(-32.49079310769636, 188.40383793341041)
(-30.111585610067948, 187.38119203385094)
(-28.624311558637476, 185.9283381821432)
(-27.947131046008533, 185.3203043095735)
(-24.889531857781826, 182.05826671920133)
(-19.96207899616135, 176.6056307581454)
(-17.21368750379713, 173.44455430612607)
(-12.616617758431028, 167.64632575166334)
(-12.272717105529171, 167.28036181668224)
(-12.005015412712071, 167.16136135589392)
(-12.013327703452372, 167.4374781326598)
(-12.21892839803897, 168.24574089763422)
(-15.274748349657488, 179.8464136103243)
(-16.054518676738073, 183.38428929306173)
(-16.498487236689858, 185.2756004352403)
(-16.67987201640949, 185.5539952672154)
(-17.11569968509466, 186.03708758138376)
(-18.658419413184234, 187.9716383821334)
(-19.581338209633326, 188.97793637180916)
(-20.237030984246875, 189.76016470741197)
(-20.72434292441306, 190.45115302045326)
(-21.46371685168396, 191.1562147220318)
(-24.475490411063653, 194.54599627274953)
(-25.986958846509612, 196.09313569045148)
(-27.468838209654553, 197.66532753867156)
(-27.805114951215284, 198.06918022413146)
(-28.476553978627173, 198.58441745624555)
(-30.551502692648125, 200.73588591462814)
(-32.94342166834279, 202.93801149342124)
(-33.35805579526282, 203.41000238868696)
(-33.687168233635454, 204.09697713274562)
(-33.84738067743379, 204.81897187449903)
(-34.60441702410168, 210.99007085702078)
(-34.86996726445554, 214.70998602459304)
(-34.5776685980183, 220.8551794733884)
(-34.343761891332186, 222.65393673617777)
(-34.210405102316074, 223.9574312194812)
(-36.81948523433446, 226.67251014037907)
(-37.17315167355804, 227.13170977562532)
(-38.59795090137005, 228.5163990974222)
(-41.30613490586763, 231.26314232166075)
(-42.368095921835945, 232.0285479018939)
(-42.84420336911394, 232.59133010499718)
(-43.66598840667871, 233.21554530908247)
(-44.84113907841389, 234.30698064805017)
(-46.331408390391694, 235.44852204211102)
(-47.514865264631275, 236.51311557221592)
(-49.57900982267465, 237.81817084902832)
(-50.04257884317221, 238.23320566303758)
(-50.1502067187967, 238.55417845921056)
(-48.196949271550224, 238.22451050925378)
(-41.18862318932771, 236.50097273256299)
(-16.595311735704502, 225.19554398856644)
(-16.63172514599456, 224.73623462496116)
(-16.942731416735594, 224.3321078452717)
(-19.452838004266255, 220.94931390369092)
(-22.47385733006526, 213.26513551250832)
(-22.65475116889527, 212.71818247565335)
(-22.848218140791843, 212.45442315585413)
(-22.966240355326775, 211.17625156327975)
(-23.16623765690849, 210.45678873843946)
(-22.39528546948679, 210.1587569860139)
(-21.611222190369322, 210.06641113370927)
(-20.366045314257295, 209.76835918763703)
(-17.630682213067892, 209.24724829208503)
(-14.773854219720237, 208.42736609257014)
(-12.191554414192586, 207.68038687511847)
(-5.945821390675115, 205.2318700335681)
(-4.189938810976144, 204.499716258354)
(-3.7913417792354673, 204.26791328443485)
(-2.955323155434368, 203.97849773484762)
(1.4878347700081413, 201.63715588568547)
(3.1692025724245525, 200.7564395663255)
(4.379388855504261, 199.9580616892732)
(7.719365180536094, 197.9766377094274)
(9.548148768695873, 196.65877757253787)
(11.225838685553818, 195.53823554724852)
(12.579391522566626, 194.46474734994183)
(14.749525785571635, 192.89200416563546)
(15.53163881427485, 192.2041332209759)
(16.30352473849765, 191.61836525078292)
(16.665723060804748, 191.40907819061755)
(17.12363761728882, 191.01218636184853)
(17.592264679744044, 190.72717025532114)
(17.757388007531176, 190.71611137620712)
(17.77843712191206, 191.03144140698384)
PEN UP
(14.850820256885466, 194.10496638401352)
PEN DOWN
(7.459365424391883, 200.7924984850449)
(6.15836523869693, 201.92334058970866)
(5.645544563271692, 202.27689046546357)
(3.3996258007206626, 204.0293212669398)
(-1.546927984897418, 207.68454916843137)
(-3.1856698782626434, 208.75149501533622)
(-4.123559458005955, 209.2483641757912)
(-7.739047991506485, 211.55057211598415)
(-11.323583898161603, 213.40972878696567)
(-12.200691679519142, 213.89711967658104)
(-19.80497948365192, 217.18042784416474)
(-20.083149363878647, 217.32130443623805)
(-20.0958711224146, 217.42326413028775)
(-16.583331856596867, 223.40110213292934)
(-15.788497041840873, 224.4996925485758)
(-15.360113811994516, 224.33498817893394)
(-14.199838997928676, 223.59134488224012)
(-0.8779883988881124, 212.47811373568155)
(13.677505783960092, 195.9428035906956)
(14.992971239042825, 194.18153404609325)
(15.010533250453769, 194.0703044947572)
(14.850820256885466, 194.10496638401352)
PEN UP
(13.888425259746825, 194.08734479183119)
PEN DOWN
(11.565603627736458, 195.8251373959244)
(11.077587814072421, 196.27780167086007)
(10.58053425400791, 196.48913785757279)
(9.668663335116246, 197.25117328492564)
(8.271768187085424, 198.04713691815806)
(7.0384002716026695, 198.8925966086741)
(6.725144761477427, 199.15393797320547)
(6.323364968193918, 199.33981944975983)
(5.8686364745864275, 199.6761325647313)
(4.908356804383099, 200.2141857362001)
(3.535392611586195, 201.0610171161866)
(2.242575093525156, 201.71800945535003)
(1.6021607713820578, 202.14374489548655)
(-1.4546656680211905, 203.730427407683)
(-2.2089905753389747, 204.03487497420866)
(-4.964166587633081, 205.42172931861313)
(-5.628308903945028, 205.67169837245123)
(-5.955459401025778, 205.71827144039307)
(-6.312110252887937, 205.93087347117245)
(-7.698118877301786, 206.49032579260893)
(-8.370987980320574, 206.84976795839503)
(-10.21582176589077, 207.5039050779161)
(-11.814245104938943, 207.92198543000637)
(-14.364810680319758, 208.6970785184045)
(-15.598696954433818, 209.14020580082405)
(-20.616955709255105, 210.2456522744555)
(-22.100131835386506, 210.4080182217764)
(-22.193071796142167, 210.55302378495657)
(-22.202437776027764, 210.88456276159366)
(-21.945357447769506, 212.37052037021417)
(-21.53482413996625, 213.88396362069471)
(-21.147385306385395, 214.73810162214937)
(-21.018923977082448, 215.42050438043248)
(-20.42307563431069, 216.98466938721813)
(-19.944578901752884, 216.9222941999982)
(-18.825628604366898, 216.5192745104395)
(-18.11692680222676, 216.14857782979388)
(-15.15124520542686, 214.87288457414334)
(-10.610629401137645, 212.55978388821546)
(-0.9955457027563047, 206.75785352862343)
(4.403132392130509, 202.71642419948432)
(5.680151176457882, 201.75522597759755)
(9.359152911144404, 198.62531809315044)
(11.592290844006634, 196.70598406331567)
(14.022173318235645, 194.33667090799693)
(14.167706828845136, 194.11941373730315)
(14.167740057495813, 193.95951770908204)
(13.888425259746825, 194.08734479183119)
PEN UP
(13.555483585601996, 196.59931589657657)
PEN DOWN
(12.786638648625287, 197.55907248231085)
(12.462340265462622, 197.88174784956632)
(11.295094334741847, 199.4343954656615)
(-13.133471562770934, 223.20826258320315)
(-14.93373998080832, 224.53557630842582)
(-15.020604613848654, 224.65514335946537)
(-15.07298516527729, 224.97543798479305)
(-14.946143420118185, 225.2031249617525)
(-14.269635343432457, 225.7348187539841)
(-9.869710349911466, 229.12560510975482)
(-8.011058235283258, 230.07670948474566)
(-7.298916616695207, 229.35199395786603)
(-6.91100418079866, 228.71777340679057)
(-6.480259266504132, 228.27846423740766)
(-4.34821461613145, 225.45083036978875)
(-3.7892322180395137, 224.54478896299733)
(-1.6113916603898333, 221.6445299069556)
(0.03322796097651638, 219.02367650720535)
(0.8374063959672604, 217.95552930427067)
(0.9685384520459632, 217.61803094872067)
(1.2720382091898292, 217.21245554226334)
(2.1853250387830263, 215.69051914410437)
(3.940473350189843, 213.21749780619848)
(4.349686163708139, 212.4952624756077)
(6.547121086109742, 209.1524246137411)
(7.068651215126894, 208.16411429630517)
(7.524829650754853, 207.4822169574074)
(9.258371403518638, 204.5122546815108)
(11.146521986526057, 201.48575370166674)
(11.629441587628735, 200.51070099899349)
(12.420901596487278, 199.32067999107)
(13.776151619160443, 196.9289796058926)
(14.436146655407503, 195.89240510951447)
(14.724155705994272, 195.28969516512538)
(14.608627868901813, 195.3163020507095)
(13.555483585601996, 196.59931589657657)
PEN UP
(14.640659251553679, 196.48466956719273)
PEN DOWN
(13.332859306930668, 198.67103871384825)
(12.40255482881378, 200.57613376302538)
(10.833408547084332, 202.94295991519837)
(9.059190171320756, 206.0660361615159)
(5.984964097949578, 211.15052431151543)
(4.712419605475716, 213.11182842441661)
(3.3087916207917702, 215.4885615445067)
(2.835119921091233, 216.11049867351176)
(1.6335408123524842, 217.8785594714408)
(0.4689699148503756, 219.76470395636355)
(-0.504657676502415, 220.89086605900386)
(-0.929091294015194, 221.68430357300286)
(-5.830195077412845, 228.49917811017937)
(-6.576757056084832, 229.41238330728123)
(-7.355964279775389, 230.20646338832117)
(-7.083231022737563, 230.6316613893313)
(-6.513531822029835, 231.00870406137807)
(-5.514517096122023, 231.3600329754141)
(0.5716664179977198, 233.53240426835765)
(1.3415795054269595, 233.71992291486373)
(1.9048990649826034, 233.761605881397)
(2.136915882644199, 233.6610931419744)
(2.094418948916083, 233.484146446411)
(2.262458591311855, 232.9838512234519)
(2.2513250448967073, 232.53285633031382)
(2.945299002896131, 230.17790561522096)
(2.983521967947096, 229.4264237924748)
(3.671003341986493, 226.91458606788342)
(4.21483896427707, 225.40171138333326)
(4.2954927321931, 224.76292735773862)
(4.820088250327398, 222.7956296772162)
(5.423660720498673, 221.57190983718837)
(5.493917797035382, 220.54332438799213)
(5.893544872742648, 219.77070888838063)
(6.293608949945295, 218.43029939495375)
(7.8054579906923385, 214.44450709750942)
(8.209506490147232, 213.19812119568877)
(8.596791507333835, 212.3331103387587)
(9.307410283268348, 210.43081058919262)
(9.489634049474303, 209.79902586269532)
(9.728832657407237, 209.39907430118492)
(10.059696064956416, 208.31165186508474)
(10.396596579433842, 207.57851699026708)
(11.095799452814006, 205.6442307952596)
(13.39915272983806, 200.0985107738389)
(13.922819578827246, 198.9651655973688)
(14.251863557481483, 198.063584873701)
(14.45248031684041, 197.67574307928385)
(14.719371296054796, 196.89587749305412)
(14.804494666343391, 196.39292587868357)
(14.739398189601966, 196.36812758313772)
(14.640659251553679, 196.48466956719273)
PEN UP
(-12.773381294690122, 168.8228698978224)
PEN DOWN
(-12.60777807447121, 168.24667941568248)
(-13.003152044895508, 168.82467856522618)
(-15.751197800851733, 172.16533756194366)
(-23.547104906416408, 181.18805437261884)
(-24.410906535081217, 182.17491313488648)
(-24.92690783485211, 182.65848570177172)
(-25.690854922547775, 183.51691151497266)
(-27.646258512142992, 185.438438642778)
(-29.03541583276117, 186.87171269670387)
(-29.360974211547713, 187.25225790803228)
(-29.65908724981573, 187.888099778242)
(-29.966050071732695, 188.85333367397288)
(-31.51883863119737, 194.30103397842754)
(-31.898385571088735, 196.0267251413639)
(-33.12404362314116, 201.21198670068276)
(-33.44030152658565, 202.34906980809214)
(-33.42267623216888, 202.51445324574547)
(-33.31218447194377, 202.56054574161584)
(-33.13779770827726, 202.5062152485621)
(-32.56852475884028, 202.07446163148813)
(-23.79273388608443, 193.2380876354946)
(-22.59485455523242, 191.83672736489922)
(-18.702319838478402, 187.44066075717905)
(-17.67825239152432, 186.1465423717496)
(-17.242950653565714, 185.66568714684718)
(-16.848221590459406, 185.07649392062837)
(-16.63597144710603, 184.6239558337596)
(-16.47063166233821, 183.91291189286275)
(-15.613294550897308, 179.66961536152138)
(-14.795819341121584, 176.42895366531167)
(-14.496610840492282, 174.89603479134635)
(-13.27357531886115, 170.7589606682273)
(-12.773381294690122, 168.8228698978224)
PEN UP
(-30.42622134068581, 188.61972947281922)
PEN DOWN
(-30.389831267305315, 188.2157801431444)
(-31.494515879644702, 189.17053967712496)
(-35.24715232099449, 192.64271356973163)
(-37.15485361870963, 194.1960676925687)
(-41.51129432988088, 197.6832678248481)
(-44.24906024018502, 199.63786952609775)
(-44.69657260530432, 200.00850373632602)
(-44.801100710010566, 200.14204152255581)
(-45.05223899710629, 200.74077532024046)
(-46.72304412040796, 205.41027780948275)
(-47.31980586461085, 207.32165008457548)
(-47.36210088773916, 207.58844606999162)
(-47.31545836932665, 207.71706958611873)
(-47.17058031256951, 207.73399607877988)
(-46.0033246241784, 207.405299534837)
(-42.519497996601096, 206.4513910216903)
(-40.93077854064392, 205.86407474470298)
(-40.21467591854366, 205.74607428651478)
(-39.56492727873383, 205.47137927687623)
(-35.58119543221064, 203.9567951211426)
(-34.425264177908105, 203.41320119300354)
(-34.05632844440855, 203.11139817479818)
(-33.83164044620974, 202.21172033020676)
(-31.861959310030713, 193.76882266164017)
(-30.976280985810625, 190.75536347303893)
(-30.42622134068581, 188.61972947281922)
PEN UP
(-34.711141462632554, 207.52393555040365)
PEN DOWN
(-34.59580301811298, 206.43512911962506)
(-34.34428375304015, 205.33230108649929)
(-34.30634056601786, 204.9577232235613)
(-34.38825655063784, 204.4183229104263)
(-34.8417503145106, 204.6624689557304)
(-35.28026012079804, 205.02522714123626)
(-35.72402617608768, 205.49342359809748)
(-36.24420937340048, 205.8635292878985)
(-36.609856454255805, 206.2398076849961)
(-37.741911835322995, 207.20770784046857)
(-38.29980199830265, 207.54200376578376)
(-38.78686228280112, 208.03792685065025)
(-39.1678422504185, 208.2881287417191)
(-41.09180030414256, 209.789046757878)
(-43.815533072491384, 211.86468133570867)
(-44.50085552580317, 212.20287020535773)
(-45.04446473223162, 212.6873567063545)
(-46.121532866896914, 213.36806257074264)
(-46.84195760170244, 213.90610366383817)
(-47.947984221901194, 214.54276715345725)
(-49.41776762003789, 215.50489303613983)
(-49.7166550750965, 215.7926127966419)
(-49.918403993673465, 216.1426093805556)
(-50.0643860120826, 216.63085502544067)
(-50.392726705413175, 218.34820348964095)
(-50.779858235336704, 219.75855691506882)
(-51.424077088265726, 223.22834948513344)
(-51.60790212495194, 225.31923556426116)
(-51.30695806775891, 225.27175257264471)
(-51.10432745137315, 225.16188086799272)
(-50.17809921546643, 224.4276201905514)
(-49.25533489702072, 223.90608874824792)
(-47.475574645405516, 222.5608417625165)
(-46.1962993052225, 221.6923398193743)
(-40.95516083462875, 217.38251643725533)
(-39.027612189265824, 215.82763937441877)
(-35.54671888865668, 212.5468792180144)
(-35.31785505911268, 212.1016517969188)
(-35.21092420746884, 211.50529345402043)
(-34.923895536485205, 209.15599953051537)
(-34.77738435584835, 208.65150486446322)
(-34.711141462632554, 207.52393555040365)
PEN UP
(-35.43948337211112, 213.0997921177855)
PEN DOWN
(-35.65603900333205, 213.16583806868886)
(-35.835951314692544, 213.31308589911055)
(-37.70608741414706, 215.1966621390976)
(-38.6486513477338, 215.9413971512081)
(-41.46391482468163, 218.59210533987525)
(-43.9510564987989, 220.6393320766509)
(-45.8242516666124, 222.0145338338483)
(-47.19004086110912, 223.1392234539439)
(-48.65227073379713, 224.12875851400167)
(-49.34348493285771, 224.7551208365422)
(-49.82160711156923, 224.9946140676173)
(-50.745612531314926, 225.62704583306362)
(-51.0603382122258, 225.78122228176227)
(-51.67305978006249, 226.35767995419005)
(-51.90112806332829, 226.7020101134946)
(-52.08418347240124, 227.3405713947008)
(-52.111571811184405, 234.49832679806187)
(-51.845176170215765, 237.88824195373917)
(-51.71865195681178, 238.17551687961281)
(-51.529413779215396, 238.27259504216357)
(-51.13860201350779, 238.21130673243545)
(-50.82758006627419, 238.03360464973534)
(-48.43519547875723, 236.20338712481492)
(-43.57128268501436, 232.57120341686064)
(-41.150338242738975, 230.28583636111549)
(-35.78308356712848, 225.12718245593913)
(-34.61502501431661, 223.80162227593013)
(-35.33692196311044, 218.60862159674815)
(-35.340979529287075, 215.70383643147284)
(-35.43948337211112, 213.0997921177855)
PEN UP
(-35.927584193084805, 204.73195785851533)
PEN DOWN
(-36.38984584286883, 204.82170428654518)
(-42.46501997607534, 207.00074422517548)
(-47.543547154760894, 208.19780471748794)
(-47.92568898562081, 209.0003975582631)
(-48.4443007999737, 210.84858916957234)
(-48.88457745309481, 211.98507665829916)
(-49.43314039656432, 214.25907447474535)
(-49.50139173744527, 214.77497570259956)
(-49.441928307759895, 215.02604719728646)
(-49.25533586510042, 215.0234813424571)
(-48.322201552368895, 214.32805360028533)
(-45.255551077898346, 212.3235917432107)
(-44.103694151171474, 211.41983349730293)
(-38.78673921529382, 207.48636481764657)
(-37.871046553925574, 206.59924471812658)
(-36.95449180452258, 205.917311478415)
(-35.96878086455949, 205.04370672626038)
(-35.7788197405664, 204.82836509716066)
(-35.927584193084805, 204.73195785851533)
PEN UP
(-31.99637388429508, 188.91733551708015)
PEN DOWN
(-32.802759909093126, 189.08098755895222)
(-33.40610873997576, 189.2775131040121)
(-41.68438319246318, 191.71492096260454)
(-41.9476030908609, 192.0657653632191)
(-42.06877197572053, 192.30742122350378)
(-42.50860671559981, 193.67516260435994)
(-44.22059166509721, 198.25262494112255)
(-44.45169726416947, 199.03972990979156)
(-44.43473475984835, 199.2224594194157)
(-44.35024789463759, 199.29540052315798)
(-43.942069440103595, 199.1006923031112)
(-41.96573911285534, 197.5614059938069)
(-38.57039505092458, 194.97244506586264)
(-35.83507598296586, 192.59715095897445)
(-32.565057039089446, 189.700811872099)
(-32.00354104790061, 189.07501087610228)
(-31.99637388429508, 188.91733551708015)
PEN UP
PEN DOWN
PEN UP
END
